0 0.0111643
1 0
2 0
3 0.0717703
4 0.121212
5 0.154705
6 0.242424
7 0.181818
8 0.0988836
9 0.0956938
10 0.0223285
11 0
0 0.0150282
1 0
2 0
3 0.0832812
4 0.105823
5 0.154039
6 0.246086
7 0.183469
8 0.108954
9 0.0814026
10 0.0219161
11 0
0 0.0160136
1 0
2 0
3 0.0827939
4 0.102896
5 0.163203
6 0.247359
7 0.178876
8 0.115162
9 0.0759796
10 0.0177172
11 0
0 0.0162003
1 0
2 0
3 0.0826846
4 0.10709
5 0.16558
6 0.244267
7 0.17105
8 0.119083
9 0.0774248
10 0.0166211
11 0
0 0.0152263
1 0
2 0
3 0.0814815
4 0.110014
5 0.161317
6 0.243896
7 0.172977
8 0.119479
9 0.0790123
10 0.0165981
11 0
0 0.0149666
1 0
2 0
3 0.0806482
4 0.110582
5 0.167112
6 0.239561
7 0.172641
8 0.118208
9 0.0799809
10 0.0163012
11 0
0 0.0139236
1 0
2 0
3 0.0792574
4 0.109663
5 0.16988
6 0.238367
7 0.171724
8 0.120612
9 0.0809235
10 0.0156492
11 0
0 0.0148981
1 0
2 0
3 0.0782153
4 0.109722
5 0.170189
6 0.236926
7 0.174179
8 0.12215
9 0.0781012
10 0.0156202
11 0
0 0.0153316
1 0
2 0
3 0.0787781
4 0.10809
5 0.172189
6 0.235938
7 0.17368
8 0.123328
9 0.0778461
10 0.014819
11 0
0 0.0149938
1 0
2 0
3 0.0791153
4 0.109964
5 0.171764
6 0.235521
7 0.172334
8 0.123454
9 0.0776115
10 0.015242
11 0
0 0.0153365
1 0
2 0
3 0.078846
4 0.110412
5 0.172678
6 0.235653
7 0.170199
8 0.123086
9 0.0779964
10 0.015792
11 0
0 0.0155863
1 0
2 0
3 0.0786919
4 0.109369
5 0.172408
6 0.236595
7 0.169859
8 0.12369
9 0.0776956
10 0.0161057
11 0
0 0.0157259
1 0
2 0
3 0.0780916
4 0.109672
5 0.171954
6 0.235425
7 0.171294
8 0.123859
9 0.0781139
10 0.0158646
11 0
0 0.0157613
1 0
2 0
3 0.078235
4 0.109496
5 0.171529
6 0.234574
7 0.171796
8 0.125034
9 0.0780163
10 0.0155578
11 0
0 0.0156798
1 0
2 0
3 0.0780327
4 0.109358
5 0.172001
6 0.234791
7 0.1717
8 0.124761
9 0.0780878
10 0.0155879
11 0
0 0.0156588
1 0
2 0
3 0.0783811
4 0.109412
5 0.171803
6 0.234484
7 0.171539
8 0.124955
9 0.0781607
10 0.0156067
11 0
0 0.0156237
1 0
2 0
3 0.0782288
4 0.109382
5 0.171848
6 0.234356
7 0.171721
8 0.125084
9 0.0781587
10 0.0155977
11 0
0 0.0156399
1 0
2 0
3 0.0781143
4 0.109299
5 0.171908
6 0.234345
7 0.171846
8 0.125143
9 0.0780996
10 0.0156048
11 0
0 0.0156298
1 0
2 0
3 0.0781221
4 0.109317
5 0.171924
6 0.234336
7 0.171801
8 0.125132
9 0.0781259
10 0.0156127
11 0
0 0.0156275
1 0
2 0
3 0.0781295
4 0.109326
5 0.17188
6 0.234353
7 0.171804
8 0.125139
9 0.0781151
10 0.0156261
11 0
