1.5 0.15949 0.0409357 
1.65 0.103093 0.0261168 
1.815 0.0747384 0.0203039 
1.9965 0.0550055 0.0158599 
2.19615 0.0394166 0.0105768 
2.41577 0.03125 0.008125 
2.65734 0.0158328 0.00419569 
2.92308 0.0105197 0.00277018 
3.21538 0.00602192 0.00155566 
3.53692 0.00390976 0.000944859 
3.89061 0.00218929 0.000602054 
4.27968 0.00102442 0.000297082 
4.70764 0.00052151 0.000132985 
5.17841 0.000254927 6.2882e-05 
5.69625 0.000100013 2.667e-05 
6.26587 3.46343e-05 9.12038e-06 
6.89246 1.47572e-05 3.93526e-06 
7.58171 3.5e-06 9.66667e-07  FAILURE
8.33988 1.4e-06 3.5e-07  FAILURE
9.17387 4e-07 1e-07  FAILURE
