0 0
1 0
2 0
3 0
4 0
5 0
6 0
7 0
8 0
9 0
10 0
11 0
12 0
13 0
14 0
15 0
16 0
17 0
18 0
19 0
20 0
21 0
22 0
23 0
24 0
25 0
26 0
27 0
28 0
29 0
30 0
31 0
32 0
33 0
34 0
35 0
36 0
37 0
38 0
39 0
40 0
41 0
42 0
43 0
44 0
45 0
46 0
47 0
48 0
49 0
50 0
51 0
52 0
53 0
54 0
55 0
56 0
57 0
58 0
59 0
60 0
61 0
62 0
63 0
64 0
65 0
66 0
67 0
68 0
69 0
70 0
71 0
72 0
73 0
74 0
75 0
76 0
77 0
78 0
79 0
80 0
81 0
82 0
83 0
84 0
85 0
86 0
87 0
88 0
89 0
90 0
91 0
92 0
93 0
94 0
95 0
96 0
97 0
98 0
99 0
100 0
101 0
102 0
103 0
104 0.00297619
105 0
106 0
107 0
108 0
109 0
110 0
111 0
112 0
113 0.00297619
114 0
115 0.00595238
116 0.00297619
117 0.0178571
118 0.014881
119 0.00892857
120 0.0238095
121 0.0119048
122 0.014881
123 0.0238095
124 0.0267857
125 0.0327381
126 0.0267857
127 0.0357143
128 0.0357143
129 0.0416667
130 0.0684524
131 0.047619
132 0.0267857
133 0.0565476
134 0.0446429
135 0.0535714
136 0.0565476
137 0.0327381
138 0.0535714
139 0.047619
140 0.0238095
141 0.0267857
142 0.0208333
143 0.0357143
144 0.014881
145 0.0267857
146 0.00892857
147 0.00595238
148 0.00595238
149 0.00595238
150 0
151 0
152 0
153 0
154 0.00297619
155 0.00297619
156 0
157 0
158 0
159 0
160 0
161 0
162 0
163 0
164 0
165 0
166 0
167 0
168 0
169 0
170 0
171 0
172 0
173 0
174 0
175 0
176 0
177 0
178 0
179 0
180 0
181 0
182 0
183 0
184 0
185 0
186 0
187 0
188 0
189 0
190 0
191 0
192 0
193 0
194 0
195 0
196 0
197 0
198 0
199 0
200 0
201 0
202 0
203 0
204 0
205 0
206 0
207 0
208 0
209 0
210 0
211 0
212 0
213 0
214 0
215 0
216 0
217 0
218 0
219 0
220 0
221 0
222 0
223 0
224 0
225 0
226 0
227 0
228 0
229 0
230 0
231 0
232 0
233 0
234 0
235 0
236 0
237 0
238 0
239 0
240 0
241 0
242 0
243 0
244 0
245 0
246 0
247 0
248 0
249 0
250 0
251 0
252 0
253 0
254 0
255 0
256 0
257 0
258 0
259 0
260 0
261 0
262 0
263 0
0 0
1 0
2 0
3 0
4 0
5 0
6 0
7 0
8 0
9 0
10 0
11 0
12 0
13 0
14 0
15 0
16 0
17 0
18 0
19 0
20 0
21 0
22 0
23 0
24 0
25 0
26 0
27 0
28 0
29 0
30 0
31 0
32 0
33 0
34 0
35 0
36 0
37 0
38 0
39 0
40 0
41 0
42 0
43 0
44 0
45 0
46 0
47 0
48 0
49 0
50 0
51 0
52 0
53 0
54 0
55 0
56 0
57 0
58 0
59 0
60 0
61 0
62 0
63 0
64 0
65 0
66 0
67 0
68 0
69 0
70 0
71 0
72 0
73 0
74 0
75 0
76 0
77 0
78 0
79 0
80 0
81 0
82 0
83 0
84 0
85 0
86 0
87 0
88 0
89 0
90 0
91 0
92 0
93 0
94 0
95 0
96 0
97 0
98 0
99 0
100 0
101 0
102 0
103 0
104 0.0010352
105 0
106 0
107 0
108 0.00310559
109 0.0010352
110 0.0010352
111 0.0010352
112 0.0010352
113 0.00207039
114 0.00310559
115 0.00828157
116 0.00724638
117 0.0134576
118 0.00931677
119 0.00828157
120 0.015528
121 0.0134576
122 0.0207039
123 0.0217391
124 0.0320911
125 0.0331263
126 0.0351967
127 0.0424431
128 0.0434783
129 0.0486542
130 0.0496894
131 0.0496894
132 0.0507246
133 0.0486542
134 0.052795
135 0.0507246
136 0.047619
137 0.0362319
138 0.0465839
139 0.0372671
140 0.0289855
141 0.0248447
142 0.0196687
143 0.0227743
144 0.0124224
145 0.0165631
146 0.0113872
147 0.00828157
148 0.00621118
149 0.00414079
150 0.00310559
151 0.0010352
152 0.0010352
153 0.0010352
154 0.0010352
155 0.0010352
156 0
157 0
158 0
159 0
160 0
161 0
162 0
163 0
164 0
165 0
166 0
167 0
168 0
169 0
170 0
171 0
172 0
173 0
174 0
175 0
176 0
177 0
178 0
179 0
180 0
181 0
182 0
183 0
184 0
185 0
186 0
187 0
188 0
189 0
190 0
191 0
192 0
193 0
194 0
195 0
196 0
197 0
198 0
199 0
200 0
201 0
202 0
203 0
204 0
205 0
206 0
207 0
208 0
209 0
210 0
211 0
212 0
213 0
214 0
215 0
216 0
217 0
218 0
219 0
220 0
221 0
222 0
223 0
224 0
225 0
226 0
227 0
228 0
229 0
230 0
231 0
232 0
233 0
234 0
235 0
236 0
237 0
238 0
239 0
240 0
241 0
242 0
243 0
244 0
245 0
246 0
247 0
248 0
249 0
250 0
251 0
252 0
253 0
254 0
255 0
256 0
257 0
258 0
259 0
260 0
261 0
262 0
263 0
0 0
1 0
2 0
3 0
4 0
5 0
6 0
7 0
8 0
9 0
10 0
11 0
12 0
13 0
14 0
15 0
16 0
17 0
18 0
19 0
20 0
21 0
22 0
23 0
24 0
25 0
26 0
27 0
28 0
29 0
30 0
31 0
32 0
33 0
34 0
35 0
36 0
37 0
38 0
39 0
40 0
41 0
42 0
43 0
44 0
45 0
46 0
47 0
48 0
49 0
50 0
51 0
52 0
53 0
54 0
55 0
56 0
57 0
58 0
59 0
60 0
61 0
62 0
63 0
64 0
65 0
66 0
67 0
68 0
69 0
70 0
71 0
72 0
73 0
74 0
75 0
76 0
77 0
78 0
79 0
80 0
81 0
82 0
83 0
84 0
85 0
86 0
87 0
88 0
89 0
90 0
91 0
92 0
93 0
94 0
95 0
96 0
97 0
98 0
99 0
100 0
101 0
102 0.000433651
103 0
104 0.000433651
105 0.000433651
106 0
107 0
108 0.00173461
109 0.000433651
110 0.00173461
111 0.00173461
112 0.00260191
113 0.00346921
114 0.00433651
115 0.00737207
116 0.00650477
117 0.00997398
118 0.0117086
119 0.0112749
120 0.0164788
121 0.0143105
122 0.0216826
123 0.0177797
124 0.0338248
125 0.0355594
126 0.0377277
127 0.0468343
128 0.0455334
129 0.0464007
130 0.0442324
131 0.0511709
132 0.0490026
133 0.0490026
134 0.0468343
135 0.048569
136 0.0455334
137 0.0381613
138 0.0381613
139 0.038595
140 0.028621
141 0.0247181
142 0.0216826
143 0.0212489
144 0.0130095
145 0.0156114
146 0.0121422
147 0.00780572
148 0.00650477
149 0.00563747
150 0.00346921
151 0.00260191
152 0.00303556
153 0.00216826
154 0.000433651
155 0.000867303
156 0
157 0.000433651
158 0
159 0
160 0
161 0
162 0
163 0
164 0
165 0
166 0
167 0
168 0.000433651
169 0
170 0
171 0
172 0
173 0
174 0
175 0
176 0
177 0
178 0
179 0
180 0
181 0
182 0
183 0
184 0
185 0
186 0
187 0
188 0
189 0
190 0
191 0
192 0
193 0
194 0
195 0
196 0
197 0
198 0
199 0
200 0
201 0
202 0
203 0
204 0
205 0
206 0
207 0
208 0
209 0
210 0
211 0
212 0
213 0
214 0
215 0
216 0
217 0
218 0
219 0
220 0
221 0
222 0
223 0
224 0
225 0
226 0
227 0
228 0
229 0
230 0
231 0
232 0
233 0
234 0
235 0
236 0
237 0
238 0
239 0
240 0
241 0
242 0
243 0
244 0
245 0
246 0
247 0
248 0
249 0
250 0
251 0
252 0
253 0
254 0
255 0
256 0
257 0
258 0
259 0
260 0
261 0
262 0
263 0
0 0
1 0
2 0
3 0
4 0
5 0
6 0
7 0
8 0
9 0
10 0
11 0
12 0
13 0
14 0
15 0
16 0
17 0
18 0
19 0
20 0
21 0
22 0
23 0
24 0
25 0
26 0
27 0
28 0
29 0
30 0
31 0
32 0
33 0
34 0
35 0
36 0
37 0
38 0
39 0
40 0
41 0
42 0
43 0
44 0
45 0
46 0
47 0
48 0
49 0
50 0
51 0
52 0
53 0
54 0
55 0
56 0
57 0
58 0
59 0
60 0
61 0
62 0
63 0
64 0
65 0
66 0
67 0
68 0
69 0
70 0
71 0
72 0
73 0
74 0
75 0
76 0
77 0
78 0
79 0
80 0
81 0
82 0
83 0
84 0
85 0
86 0
87 0
88 0
89 0
90 0
91 0
92 0
93 0
94 0
95 0
96 0
97 0
98 0
99 0.000189609
100 0
101 0
102 0.000189609
103 0
104 0.000379219
105 0.000189609
106 0
107 0.000379219
108 0.000948047
109 0.00113766
110 0.00189609
111 0.00151688
112 0.0020857
113 0.00379219
114 0.00417141
115 0.00549867
116 0.00549867
117 0.00872203
118 0.0132727
119 0.0125142
120 0.0180129
121 0.0178233
122 0.0221843
123 0.0219947
124 0.0337505
125 0.0318544
126 0.0314752
127 0.0430413
128 0.047592
129 0.0458855
130 0.0434206
131 0.0474024
132 0.0498673
133 0.0551763
134 0.0468335
135 0.0517634
136 0.0428517
137 0.0377323
138 0.0373531
139 0.035457
140 0.0282518
141 0.0237012
142 0.0231323
143 0.0227531
144 0.0151688
145 0.0153584
146 0.0134623
147 0.0100493
148 0.0060675
149 0.00511945
150 0.00284414
151 0.0020857
152 0.00265453
153 0.00170648
154 0.000948047
155 0.000758438
156 0.000379219
157 0.000948047
158 0.000189609
159 0.000379219
160 0
161 0
162 0
163 0
164 0
165 0
166 0
167 0
168 0.000189609
169 0
170 0
171 0
172 0
173 0
174 0
175 0
176 0
177 0
178 0
179 0
180 0
181 0
182 0
183 0
184 0
185 0
186 0
187 0
188 0
189 0
190 0
191 0
192 0
193 0
194 0
195 0
196 0
197 0
198 0
199 0
200 0
201 0
202 0
203 0
204 0
205 0
206 0
207 0
208 0
209 0
210 0
211 0
212 0
213 0
214 0
215 0
216 0
217 0
218 0
219 0
220 0
221 0
222 0
223 0
224 0
225 0
226 0
227 0
228 0
229 0
230 0
231 0
232 0
233 0
234 0
235 0
236 0
237 0
238 0
239 0
240 0
241 0
242 0
243 0
244 0
245 0
246 0
247 0
248 0
249 0
250 0
251 0
252 0
253 0
254 0
255 0
256 0
257 0
258 0
259 0
260 0
261 0
262 0
263 0
0 0
1 0
2 0
3 0
4 0
5 0
6 0
7 0
8 0
9 0
10 0
11 0
12 0
13 0
14 0
15 0
16 0
17 0
18 0
19 0
20 0
21 0
22 0
23 0
24 0
25 0
26 0
27 0
28 0
29 0
30 0
31 0
32 0
33 0
34 0
35 0
36 0
37 0
38 0
39 0
40 0
41 0
42 0
43 0
44 0
45 0
46 0
47 0
48 0
49 0
50 0
51 0
52 0
53 0
54 0
55 0
56 0
57 0
58 0
59 0
60 0
61 0
62 0
63 0
64 0
65 0
66 0
67 0
68 0
69 0
70 0
71 0
72 0
73 0
74 0
75 0
76 0
77 0
78 0
79 0
80 0
81 0
82 0
83 0
84 0
85 0
86 0
87 0
88 0
89 0
90 0
91 0
92 0
93 0
94 0
95 0
96 0
97 0
98 0
99 8.81446e-05
100 0
101 0
102 0.000176289
103 0
104 0.000176289
105 0.000264434
106 0.000440723
107 0.000617012
108 0.000793301
109 0.000881446
110 0.00149846
111 0.00185104
112 0.00229176
113 0.00326135
114 0.00423094
115 0.00625826
116 0.00590569
117 0.00943147
118 0.0116351
119 0.0118114
120 0.0190392
121 0.0183341
122 0.0216836
123 0.0232702
124 0.0319083
125 0.0337594
126 0.0332305
127 0.0401939
128 0.0440723
129 0.046364
130 0.04513
131 0.0497135
132 0.052446
133 0.0531512
134 0.0482151
135 0.0494491
136 0.0448656
137 0.0396651
138 0.037197
139 0.0333186
140 0.0319965
141 0.022565
142 0.0237109
143 0.0193918
144 0.0153372
145 0.0157779
146 0.0120758
147 0.00872631
148 0.00625826
149 0.00423094
150 0.0031732
151 0.00282063
152 0.00273248
153 0.00132217
154 0.00096959
155 0.000705156
156 0.000352578
157 0.000440723
158 0.000176289
159 0.000264434
160 8.81446e-05
161 0
162 0
163 8.81446e-05
164 0
165 0
166 0
167 0
168 0.000176289
169 0
170 0
171 0
172 0
173 0
174 0
175 0
176 0
177 0
178 0
179 0
180 0
181 0
182 0
183 0
184 0
185 0
186 0
187 0
188 0
189 0
190 0
191 0
192 0
193 0
194 0
195 0
196 0
197 0
198 0
199 0
200 0
201 0
202 0
203 0
204 0
205 0
206 0
207 0
208 0
209 0
210 0
211 0
212 0
213 0
214 0
215 0
216 0
217 0
218 0
219 0
220 0
221 0
222 0
223 0
224 0
225 0
226 0
227 0
228 0
229 0
230 0
231 0
232 0
233 0
234 0
235 0
236 0
237 0
238 0
239 0
240 0
241 0
242 0
243 0
244 0
245 0
246 0
247 0
248 0
249 0
250 0
251 0
252 0
253 0
254 0
255 0
256 0
257 0
258 0
259 0
260 0
261 0
262 0
263 0
0 0
1 0
2 0
3 0
4 0
5 0
6 0
7 0
8 0
9 0
10 0
11 0
12 0
13 0
14 0
15 0
16 0
17 0
18 0
19 0
20 0
21 0
22 0
23 0
24 0
25 0
26 0
27 0
28 0
29 0
30 0
31 0
32 0
33 0
34 0
35 0
36 0
37 0
38 0
39 0
40 0
41 0
42 0
43 0
44 0
45 0
46 0
47 0
48 0
49 0
50 0
51 0
52 0
53 0
54 0
55 0
56 0
57 0
58 0
59 0
60 0
61 0
62 0
63 0
64 0
65 0
66 0
67 0
68 0
69 0
70 0
71 0
72 0
73 0
74 0
75 0
76 0
77 0
78 0
79 0
80 0
81 0
82 0
83 0
84 0
85 0
86 0
87 0
88 0
89 0
90 0
91 0
92 0
93 0
94 0
95 0
96 4.14079e-05
97 0
98 0
99 8.28157e-05
100 4.14079e-05
101 4.14079e-05
102 8.28157e-05
103 0
104 0.000165631
105 0.000372671
106 0.000414079
107 0.000538302
108 0.000869565
109 0.000621118
110 0.00161491
111 0.00161491
112 0.00240166
113 0.00322981
114 0.00430642
115 0.00621118
116 0.00662526
117 0.00931677
118 0.0120911
119 0.0122153
120 0.0176398
121 0.0183023
122 0.0205383
123 0.0255072
124 0.0291511
125 0.0318427
126 0.0371843
127 0.0397101
128 0.0437267
129 0.0448447
130 0.0471222
131 0.0506418
132 0.0501035
133 0.0529193
134 0.0480745
135 0.0472878
136 0.0448447
137 0.0394617
138 0.0371843
139 0.0337474
140 0.0309317
141 0.0252588
142 0.0239752
143 0.0191304
144 0.0167702
145 0.0140787
146 0.0121739
147 0.0089441
148 0.00625259
149 0.00530021
150 0.00351967
151 0.00310559
152 0.00248447
153 0.00178054
154 0.0010352
155 0.000703934
156 0.000621118
157 0.000372671
158 0.000207039
159 0.000207039
160 8.28157e-05
161 0.000124224
162 4.14079e-05
163 4.14079e-05
164 4.14079e-05
165 0
166 0
167 0
168 8.28157e-05
169 0
170 0
171 0
172 0
173 0
174 0
175 0
176 0
177 0
178 0
179 0
180 0
181 0
182 0
183 0
184 0
185 0
186 0
187 0
188 0
189 0
190 0
191 0
192 0
193 0
194 0
195 0
196 0
197 0
198 0
199 0
200 0
201 0
202 0
203 0
204 0
205 0
206 0
207 0
208 0
209 0
210 0
211 0
212 0
213 0
214 0
215 0
216 0
217 0
218 0
219 0
220 0
221 0
222 0
223 0
224 0
225 0
226 0
227 0
228 0
229 0
230 0
231 0
232 0
233 0
234 0
235 0
236 0
237 0
238 0
239 0
240 0
241 0
242 0
243 0
244 0
245 0
246 0
247 0
248 0
249 0
250 0
251 0
252 0
253 0
254 0
255 0
256 0
257 0
258 0
259 0
260 0
261 0
262 0
263 0
0 0
1 0
2 0
3 0
4 0
5 0
6 0
7 0
8 0
9 0
10 0
11 0
12 0
13 0
14 0
15 0
16 0
17 0
18 0
19 0
20 0
21 0
22 0
23 0
24 0
25 0
26 0
27 0
28 0
29 0
30 0
31 0
32 0
33 0
34 0
35 0
36 0
37 0
38 0
39 0
40 0
41 0
42 0
43 0
44 0
45 0
46 0
47 0
48 0
49 0
50 0
51 0
52 0
53 0
54 0
55 0
56 0
57 0
58 0
59 0
60 0
61 0
62 0
63 0
64 0
65 0
66 0
67 0
68 0
69 0
70 0
71 0
72 0
73 0
74 0
75 0
76 0
77 0
78 0
79 0
80 0
81 0
82 0
83 0
84 0
85 0
86 0
87 0
88 0
89 0
90 0
91 1.98574e-05
92 0
93 0
94 0
95 0
96 1.98574e-05
97 0
98 0
99 5.95723e-05
100 5.95723e-05
101 1.98574e-05
102 9.92871e-05
103 5.95723e-05
104 0.000139002
105 0.000258147
106 0.000357434
107 0.000476578
108 0.000734725
109 0.000675152
110 0.00139002
111 0.00190631
112 0.00240275
113 0.00333605
114 0.00458706
115 0.00567922
116 0.00698981
117 0.00863798
118 0.0118946
119 0.0126293
120 0.0167398
121 0.0189837
122 0.0217439
123 0.0251196
124 0.0286145
125 0.0327647
126 0.0372922
127 0.0404496
128 0.0431303
129 0.0458309
130 0.0474791
131 0.0501003
132 0.0490677
133 0.0507357
134 0.0498223
135 0.0486308
136 0.043587
137 0.0402709
138 0.0360412
139 0.0332016
140 0.0306003
141 0.0268671
142 0.023253
143 0.0192617
144 0.0165611
145 0.0138009
146 0.0119939
147 0.0088167
148 0.00687067
149 0.00518279
150 0.00422963
151 0.00272047
152 0.00240275
153 0.0018666
154 0.00109216
155 0.00077444
156 0.00053615
157 0.000357434
158 0.000198574
159 0.000139002
160 0.000119145
161 9.92871e-05
162 3.97148e-05
163 7.94297e-05
164 3.97148e-05
165 0
166 0
167 1.98574e-05
168 3.97148e-05
169 0
170 0
171 0
172 0
173 0
174 0
175 0
176 0
177 0
178 0
179 0
180 0
181 0
182 0
183 0
184 0
185 0
186 0
187 0
188 0
189 0
190 0
191 0
192 0
193 0
194 0
195 0
196 0
197 0
198 0
199 0
200 0
201 0
202 0
203 0
204 0
205 0
206 0
207 0
208 0
209 0
210 0
211 0
212 0
213 0
214 0
215 0
216 0
217 0
218 0
219 0
220 0
221 0
222 0
223 0
224 0
225 0
226 0
227 0
228 0
229 0
230 0
231 0
232 0
233 0
234 0
235 0
236 0
237 0
238 0
239 0
240 0
241 0
242 0
243 0
244 0
245 0
246 0
247 0
248 0
249 0
250 0
251 0
252 0
253 0
254 0
255 0
256 0
257 0
258 0
259 0
260 0
261 0
262 0
263 0
0 0
1 0
2 0
3 0
4 0
5 0
6 0
7 0
8 0
9 0
10 0
11 0
12 0
13 0
14 0
15 0
16 0
17 0
18 0
19 0
20 0
21 0
22 0
23 0
24 0
25 0
26 0
27 0
28 0
29 0
30 0
31 0
32 0
33 0
34 0
35 0
36 0
37 0
38 0
39 0
40 0
41 0
42 0
43 0
44 0
45 0
46 0
47 0
48 0
49 0
50 0
51 0
52 0
53 0
54 0
55 0
56 0
57 0
58 0
59 0
60 0
61 0
62 0
63 0
64 0
65 0
66 0
67 0
68 0
69 0
70 0
71 0
72 0
73 0
74 0
75 0
76 0
77 0
78 0
79 0
80 0
81 0
82 0
83 0
84 0
85 0
86 0
87 0
88 0
89 0
90 0
91 9.48137e-06
92 0
93 0
94 0
95 9.48137e-06
96 9.48137e-06
97 0
98 9.48137e-06
99 3.79255e-05
100 4.74068e-05
101 7.5851e-05
102 8.53323e-05
103 6.63696e-05
104 0.000151702
105 0.000265478
106 0.000331848
107 0.000568882
108 0.000824879
109 0.000843842
110 0.00131791
111 0.00187731
112 0.00229449
113 0.00313833
114 0.00469328
115 0.00555608
116 0.00718688
117 0.00925382
118 0.0113113
119 0.0130938
120 0.016801
121 0.0193894
122 0.0217597
123 0.0259221
124 0.029506
125 0.0332227
126 0.0372049
127 0.0396416
128 0.0422111
129 0.0454252
130 0.0478714
131 0.0494833
132 0.048848
133 0.0499953
134 0.0492178
135 0.0471034
136 0.0438893
137 0.0413957
138 0.0366929
139 0.0341424
140 0.03053
141 0.0267375
142 0.0229923
143 0.0187826
144 0.0167346
145 0.0138049
146 0.0114156
147 0.00860908
148 0.00704466
149 0.00527164
150 0.00401062
151 0.00310041
152 0.00241775
153 0.00185835
154 0.00129895
155 0.000919693
156 0.000511994
157 0.000407699
158 0.000284441
159 0.000132739
160 0.000104295
161 7.5851e-05
162 4.74068e-05
163 5.68882e-05
164 3.79255e-05
165 0
166 0
167 9.48137e-06
168 1.89627e-05
169 0
170 0
171 0
172 0
173 0
174 0
175 0
176 0
177 0
178 0
179 0
180 0
181 0
182 0
183 0
184 0
185 0
186 0
187 0
188 0
189 0
190 0
191 0
192 0
193 0
194 0
195 0
196 0
197 0
198 0
199 0
200 0
201 0
202 0
203 0
204 0
205 0
206 0
207 0
208 0
209 0
210 0
211 0
212 0
213 0
214 0
215 0
216 0
217 0
218 0
219 0
220 0
221 0
222 0
223 0
224 0
225 0
226 0
227 0
228 0
229 0
230 0
231 0
232 0
233 0
234 0
235 0
236 0
237 0
238 0
239 0
240 0
241 0
242 0
243 0
244 0
245 0
246 0
247 0
248 0
249 0
250 0
251 0
252 0
253 0
254 0
255 0
256 0
257 0
258 0
259 0
260 0
261 0
262 0
263 0
0 0
1 0
2 0
3 0
4 0
5 0
6 0
7 0
8 0
9 0
10 0
11 0
12 0
13 0
14 0
15 0
16 0
17 0
18 0
19 0
20 0
21 0
22 0
23 0
24 0
25 0
26 0
27 0
28 0
29 0
30 0
31 0
32 0
33 0
34 0
35 0
36 0
37 0
38 0
39 0
40 0
41 0
42 0
43 0
44 0
45 0
46 0
47 0
48 0
49 0
50 0
51 0
52 0
53 0
54 0
55 0
56 0
57 0
58 0
59 0
60 0
61 0
62 0
63 0
64 0
65 0
66 0
67 0
68 0
69 0
70 0
71 0
72 0
73 0
74 0
75 0
76 0
77 0
78 0
79 0
80 0
81 0
82 0
83 0
84 0
85 0
86 0
87 0
88 0
89 0
90 0
91 5.63231e-06
92 0
93 0
94 0
95 1.12646e-05
96 5.63231e-06
97 1.12646e-05
98 1.12646e-05
99 3.94262e-05
100 6.19554e-05
101 7.322e-05
102 7.322e-05
103 9.0117e-05
104 0.000157705
105 0.000253454
106 0.000371733
107 0.000580128
108 0.000799788
109 0.000867376
110 0.00129543
111 0.00196004
112 0.00235994
113 0.00324984
114 0.00448332
115 0.00555909
116 0.00694464
117 0.0091863
118 0.0111238
119 0.0132585
120 0.0167223
121 0.0193752
122 0.0218365
123 0.0259819
124 0.0296766
125 0.0326618
126 0.0368015
127 0.03995
128 0.0429295
129 0.0454978
130 0.0479986
131 0.0488997
132 0.0491757
133 0.0498347
134 0.0489729
135 0.0468608
136 0.0444896
137 0.0412004
138 0.0366832
139 0.0347232
140 0.0303356
141 0.0264831
142 0.0229122
143 0.0194258
144 0.0164576
145 0.0138386
146 0.0114618
147 0.00878641
148 0.00711361
149 0.00515356
150 0.00411722
151 0.00306961
152 0.00229798
153 0.00166716
154 0.00119405
155 0.000918067
156 0.000546334
157 0.000377365
158 0.000287248
159 0.000135175
160 0.000112646
161 5.63231e-05
162 3.94262e-05
163 3.37939e-05
164 3.94262e-05
165 5.63231e-06
166 5.63231e-06
167 5.63231e-06
168 1.12646e-05
169 5.63231e-06
170 0
171 0
172 0
173 0
174 0
175 0
176 0
177 0
178 0
179 0
180 0
181 0
182 0
183 0
184 0
185 0
186 0
187 0
188 0
189 0
190 0
191 0
192 0
193 0
194 0
195 0
196 0
197 0
198 0
199 0
200 0
201 0
202 0
203 0
204 0
205 0
206 0
207 0
208 0
209 0
210 0
211 0
212 0
213 0
214 0
215 0
216 0
217 0
218 0
219 0
220 0
221 0
222 0
223 0
224 0
225 0
226 0
227 0
228 0
229 0
230 0
231 0
232 0
233 0
234 0
235 0
236 0
237 0
238 0
239 0
240 0
241 0
242 0
243 0
244 0
245 0
246 0
247 0
248 0
249 0
250 0
251 0
252 0
253 0
254 0
255 0
256 0
257 0
258 0
259 0
260 0
261 0
262 0
263 0
0 0
1 0
2 0
3 0
4 0
5 0
6 0
7 0
8 0
9 0
10 0
11 0
12 0
13 0
14 0
15 0
16 0
17 0
18 0
19 0
20 0
21 0
22 0
23 0
24 0
25 0
26 0
27 0
28 0
29 0
30 0
31 0
32 0
33 0
34 0
35 0
36 0
37 0
38 0
39 0
40 0
41 0
42 0
43 0
44 0
45 0
46 0
47 0
48 0
49 0
50 0
51 0
52 0
53 0
54 0
55 0
56 0
57 0
58 0
59 0
60 0
61 0
62 0
63 0
64 0
65 0
66 0
67 0
68 0
69 0
70 0
71 0
72 0
73 0
74 0
75 0
76 0
77 0
78 0
79 0
80 0
81 0
82 0
83 0
84 0
85 0
86 0
87 0
88 0
89 0
90 0
91 3.29162e-06
92 0
93 0
94 3.29162e-06
95 6.58324e-06
96 9.87485e-06
97 1.64581e-05
98 9.87485e-06
99 2.96246e-05
100 5.26659e-05
101 7.57072e-05
102 9.54569e-05
103 9.21653e-05
104 0.000197497
105 0.000260038
106 0.000411452
107 0.000539825
108 0.000829488
109 0.000921653
110 0.00132981
111 0.00198485
112 0.00235351
113 0.00332124
114 0.00434164
115 0.00546738
116 0.00705064
117 0.00896966
118 0.0109413
119 0.0131303
120 0.0164383
121 0.0193613
122 0.0217773
123 0.0261256
124 0.0296772
125 0.0329326
126 0.03682
127 0.0403157
128 0.0428437
129 0.0453585
130 0.0477844
131 0.0495849
132 0.0493018
133 0.0492591
134 0.0482452
135 0.0467871
136 0.0443776
137 0.0410366
138 0.0370504
139 0.0346936
140 0.0304047
141 0.0267905
142 0.0233244
143 0.0196279
144 0.0165733
145 0.0137688
146 0.0112507
147 0.00894003
148 0.00701773
149 0.00510859
150 0.00407831
151 0.00319616
152 0.00229426
153 0.00158327
154 0.00119157
155 0.000892028
156 0.000582616
157 0.000358786
158 0.000296246
159 0.000181039
160 0.000108623
161 6.9124e-05
162 4.60826e-05
163 3.94994e-05
164 2.96246e-05
165 6.58324e-06
166 6.58324e-06
167 6.58324e-06
168 6.58324e-06
169 3.29162e-06
170 0
171 0
172 0
173 0
174 0
175 0
176 0
177 0
178 0
179 0
180 0
181 0
182 0
183 0
184 0
185 0
186 0
187 0
188 0
189 0
190 0
191 0
192 0
193 0
194 0
195 0
196 0
197 0
198 0
199 0
200 0
201 0
202 0
203 0
204 0
205 0
206 0
207 0
208 0
209 0
210 0
211 0
212 0
213 0
214 0
215 0
216 0
217 0
218 0
219 0
220 0
221 0
222 0
223 0
224 0
225 0
226 0
227 0
228 0
229 0
230 0
231 0
232 0
233 0
234 0
235 0
236 0
237 0
238 0
239 0
240 0
241 0
242 0
243 0
244 0
245 0
246 0
247 0
248 0
249 0
250 0
251 0
252 0
253 0
254 0
255 0
256 0
257 0
258 0
259 0
260 0
261 0
262 0
263 0
0 0
1 0
2 0
3 0
4 0
5 0
6 0
7 0
8 0
9 0
10 0
11 0
12 0
13 0
14 0
15 0
16 0
17 0
18 0
19 0
20 0
21 0
22 0
23 0
24 0
25 0
26 0
27 0
28 0
29 0
30 0
31 0
32 0
33 0
34 0
35 0
36 0
37 0
38 0
39 0
40 0
41 0
42 0
43 0
44 0
45 0
46 0
47 0
48 0
49 0
50 0
51 0
52 0
53 0
54 0
55 0
56 0
57 0
58 0
59 0
60 0
61 0
62 0
63 0
64 0
65 0
66 0
67 0
68 0
69 0
70 0
71 0
72 0
73 0
74 0
75 0
76 0
77 0
78 0
79 0
80 0
81 0
82 0
83 0
84 0
85 0
86 0
87 0
88 0
89 0
90 0
91 1.88663e-06
92 0
93 0
94 1.88663e-06
95 7.5465e-06
96 1.32064e-05
97 1.32064e-05
98 1.13198e-05
99 3.0186e-05
100 4.15058e-05
101 6.0372e-05
102 8.67848e-05
103 0.000111311
104 0.000184889
105 0.000254694
106 0.000381098
107 0.000532028
108 0.000801816
109 0.000990478
110 0.00130177
111 0.00186776
112 0.00244129
113 0.00328461
114 0.0043732
115 0.00532783
116 0.0070673
117 0.00885582
118 0.0108368
119 0.013295
120 0.0163627
121 0.019104
122 0.0220641
123 0.0262675
124 0.0295596
125 0.0332254
126 0.0370269
127 0.0403115
128 0.0428528
129 0.0453243
130 0.047841
131 0.0495598
132 0.0494088
133 0.0492239
134 0.0481297
135 0.0468694
136 0.0443564
137 0.0409398
138 0.0375363
139 0.0346045
140 0.030403
141 0.0266957
142 0.0232659
143 0.0196058
144 0.0165136
145 0.0136592
146 0.0111575
147 0.00886336
148 0.00697674
149 0.00519011
150 0.00403738
151 0.00309595
152 0.00232621
153 0.00160552
154 0.00122442
155 0.000898034
156 0.000618813
157 0.000371665
158 0.000294314
159 0.000169796
160 8.86714e-05
161 7.16918e-05
162 3.58459e-05
163 3.96191e-05
164 2.26395e-05
165 7.5465e-06
166 5.65988e-06
167 3.77325e-06
168 3.77325e-06
169 3.77325e-06
170 0
171 0
172 0
173 0
174 0
175 0
176 0
177 0
178 0
179 0
180 0
181 0
182 0
183 0
184 0
185 0
186 0
187 0
188 0
189 0
190 0
191 0
192 0
193 0
194 0
195 0
196 0
197 0
198 0
199 0
200 0
201 0
202 0
203 0
204 0
205 0
206 0
207 0
208 0
209 0
210 0
211 0
212 0
213 0
214 0
215 0
216 0
217 0
218 0
219 0
220 0
221 0
222 0
223 0
224 0
225 0
226 0
227 0
228 0
229 0
230 0
231 0
232 0
233 0
234 0
235 0
236 0
237 0
238 0
239 0
240 0
241 0
242 0
243 0
244 0
245 0
246 0
247 0
248 0
249 0
250 0
251 0
252 0
253 0
254 0
255 0
256 0
257 0
258 0
259 0
260 0
261 0
262 0
263 0
0 0
1 0
2 0
3 0
4 0
5 0
6 0
7 0
8 0
9 0
10 0
11 0
12 0
13 0
14 0
15 0
16 0
17 0
18 0
19 0
20 0
21 0
22 0
23 0
24 0
25 0
26 0
27 0
28 0
29 0
30 0
31 0
32 0
33 0
34 0
35 0
36 0
37 0
38 0
39 0
40 0
41 0
42 0
43 0
44 0
45 0
46 0
47 0
48 0
49 0
50 0
51 0
52 0
53 0
54 0
55 0
56 0
57 0
58 0
59 0
60 0
61 0
62 0
63 0
64 0
65 0
66 0
67 0
68 0
69 0
70 0
71 0
72 0
73 0
74 0
75 0
76 0
77 0
78 0
79 0
80 0
81 0
82 0
83 0
84 0
85 0
86 0
87 1.14805e-06
88 0
89 0
90 1.14805e-06
91 1.14805e-06
92 0
93 1.14805e-06
94 1.14805e-06
95 5.74023e-06
96 1.26285e-05
97 1.14805e-05
98 1.49246e-05
99 2.75531e-05
100 4.59219e-05
101 5.74023e-05
102 8.72515e-05
103 0.000115953
104 0.00019976
105 0.000250274
106 0.000384596
107 0.000555654
108 0.00080478
109 0.000991912
110 0.00132025
111 0.00185295
112 0.00244075
113 0.00335804
114 0.0043511
115 0.00547388
116 0.00705704
117 0.00886866
118 0.0109145
119 0.0133656
120 0.0163
121 0.0191425
122 0.0220861
123 0.0262202
124 0.029863
125 0.0333083
126 0.0369499
127 0.0399945
128 0.0431218
129 0.0453513
130 0.0478919
131 0.0490595
132 0.0496117
133 0.049025
134 0.0482007
135 0.0467622
136 0.0445006
137 0.040898
138 0.0375159
139 0.0346193
140 0.0304198
141 0.0266117
142 0.0232686
143 0.0195535
144 0.0164963
145 0.0137042
146 0.0110419
147 0.00887899
148 0.00690205
149 0.0053166
150 0.0040813
151 0.00304003
152 0.00225936
153 0.00156938
154 0.00121693
155 0.000890884
156 0.000617649
157 0.000380003
158 0.000291604
159 0.000175651
160 8.95476e-05
161 7.4623e-05
162 3.78855e-05
163 3.90336e-05
164 2.18129e-05
165 8.03632e-06
166 5.74023e-06
167 5.74023e-06
168 2.29609e-06
169 2.29609e-06
170 0
171 0
172 0
173 0
174 0
175 0
176 0
177 0
178 0
179 0
180 0
181 0
182 0
183 0
184 0
185 0
186 0
187 0
188 0
189 0
190 0
191 0
192 0
193 0
194 0
195 0
196 0
197 0
198 0
199 0
200 0
201 0
202 0
203 0
204 0
205 0
206 0
207 0
208 0
209 0
210 0
211 0
212 0
213 0
214 0
215 0
216 0
217 0
218 0
219 0
220 0
221 0
222 0
223 0
224 0
225 0
226 0
227 0
228 0
229 0
230 0
231 0
232 0
233 0
234 0
235 0
236 0
237 0
238 0
239 0
240 0
241 0
242 0
243 0
244 0
245 0
246 0
247 0
248 0
249 0
250 0
251 0
252 0
253 0
254 0
255 0
256 0
257 0
258 0
259 0
260 0
261 0
262 0
263 0
0 0
1 0
2 0
3 0
4 0
5 0
6 0
7 0
8 0
9 0
10 0
11 0
12 0
13 0
14 0
15 0
16 0
17 0
18 0
19 0
20 0
21 0
22 0
23 0
24 0
25 0
26 0
27 0
28 0
29 0
30 0
31 0
32 0
33 0
34 0
35 0
36 0
37 0
38 0
39 0
40 0
41 0
42 0
43 0
44 0
45 0
46 0
47 0
48 0
49 0
50 0
51 0
52 0
53 0
54 0
55 0
56 0
57 0
58 0
59 0
60 0
61 0
62 0
63 0
64 0
65 0
66 0
67 0
68 0
69 0
70 0
71 0
72 0
73 0
74 0
75 0
76 0
77 0
78 0
79 0
80 0
81 0
82 0
83 0
84 0
85 0
86 0
87 6.17175e-07
88 0
89 6.17175e-07
90 1.85153e-06
91 6.17175e-07
92 6.17175e-07
93 1.85153e-06
94 1.85153e-06
95 6.17175e-06
96 1.0492e-05
97 1.23435e-05
98 2.03668e-05
99 2.71557e-05
100 4.62882e-05
101 6.23347e-05
102 9.44278e-05
103 0.000110474
104 0.000204285
105 0.000263534
106 0.000392524
107 0.000543732
108 0.000786281
109 0.000991801
110 0.001351
111 0.00188485
112 0.00251252
113 0.00337348
114 0.00433566
115 0.00552927
116 0.00701173
117 0.00879228
118 0.0109333
119 0.013381
120 0.0161151
121 0.0191726
122 0.0221924
123 0.0260892
124 0.0296207
125 0.0333367
126 0.0368003
127 0.0400516
128 0.0434387
129 0.045637
130 0.0476953
131 0.0490587
132 0.0496283
133 0.0491333
134 0.0481094
135 0.04659
136 0.0444496
137 0.0409983
138 0.0376434
139 0.0345057
140 0.0306477
141 0.0266533
142 0.0232138
143 0.0195466
144 0.016428
145 0.0135538
146 0.0110234
147 0.00894966
148 0.00689385
149 0.00531943
150 0.00407274
151 0.00306428
152 0.00226935
153 0.00160651
154 0.00116955
155 0.000870834
156 0.000589402
157 0.000404867
158 0.000293775
159 0.000183301
160 9.68965e-05
161 7.09752e-05
162 4.25851e-05
163 3.76477e-05
164 2.0984e-05
165 9.25763e-06
166 6.17175e-06
167 4.32023e-06
168 3.70305e-06
169 1.23435e-06
170 6.17175e-07
171 0
172 0
173 0
174 0
175 0
176 0
177 0
178 0
179 0
180 0
181 0
182 0
183 0
184 0
185 0
186 0
187 0
188 0
189 0
190 0
191 0
192 0
193 0
194 0
195 0
196 0
197 0
198 0
199 0
200 0
201 0
202 0
203 0
204 0
205 0
206 0
207 0
208 0
209 0
210 0
211 0
212 0
213 0
214 0
215 0
216 0
217 0
218 0
219 0
220 0
221 0
222 0
223 0
224 0
225 0
226 0
227 0
228 0
229 0
230 0
231 0
232 0
233 0
234 0
235 0
236 0
237 0
238 0
239 0
240 0
241 0
242 0
243 0
244 0
245 0
246 0
247 0
248 0
249 0
250 0
251 0
252 0
253 0
254 0
255 0
256 0
257 0
258 0
259 0
260 0
261 0
262 0
263 0
0 0
1 0
2 0
3 0
4 0
5 0
6 0
7 0
8 0
9 0
10 0
11 0
12 0
13 0
14 0
15 0
16 0
17 0
18 0
19 0
20 0
21 0
22 0
23 0
24 0
25 0
26 0
27 0
28 0
29 0
30 0
31 0
32 0
33 0
34 0
35 0
36 0
37 0
38 0
39 0
40 0
41 0
42 0
43 0
44 0
45 0
46 0
47 0
48 0
49 0
50 0
51 0
52 0
53 0
54 0
55 0
56 0
57 0
58 0
59 0
60 0
61 0
62 0
63 0
64 0
65 0
66 0
67 0
68 0
69 0
70 0
71 0
72 0
73 0
74 0
75 0
76 0
77 0
78 0
79 0
80 0
81 0
82 0
83 0
84 0
85 3.67976e-07
86 3.67976e-07
87 7.35951e-07
88 3.67976e-07
89 3.67976e-07
90 1.4719e-06
91 7.35951e-07
92 1.4719e-06
93 1.4719e-06
94 4.41571e-06
95 4.78368e-06
96 1.03033e-05
97 1.28791e-05
98 1.80308e-05
99 2.83341e-05
100 4.26852e-05
101 6.32918e-05
102 9.86174e-05
103 0.000117016
104 0.000196499
105 0.000269358
106 0.000381223
107 0.000551595
108 0.000776428
109 0.00100421
110 0.00135084
111 0.00188624
112 0.00253314
113 0.00334895
114 0.00437597
115 0.00549608
116 0.00700699
117 0.00874678
118 0.0109638
119 0.0133273
120 0.0161482
121 0.019162
122 0.0223096
123 0.0261163
124 0.0296805
125 0.0332757
126 0.0368461
127 0.0401174
128 0.0432305
129 0.0455112
130 0.0477139
131 0.0489286
132 0.0495696
133 0.0492189
134 0.0481003
135 0.0466012
136 0.0442947
137 0.0413214
138 0.0376763
139 0.0343836
140 0.0306391
141 0.0267607
142 0.0231861
143 0.0196429
144 0.0165541
145 0.0135165
146 0.0109782
147 0.00888992
148 0.00689218
149 0.00535331
150 0.00406429
151 0.00306229
152 0.00223177
153 0.00159186
154 0.00118047
155 0.000854439
156 0.000574042
157 0.000405509
158 0.000290701
159 0.000190611
160 0.000103033
161 7.91147e-05
162 5.00447e-05
163 3.49577e-05
164 1.83988e-05
165 1.03033e-05
166 6.25558e-06
167 4.41571e-06
168 3.31178e-06
169 7.35951e-07
170 7.35951e-07
171 3.67976e-07
172 0
173 0
174 0
175 0
176 0
177 0
178 0
179 0
180 0
181 0
182 0
183 0
184 0
185 0
186 0
187 0
188 0
189 0
190 0
191 0
192 0
193 0
194 0
195 0
196 0
197 0
198 0
199 0
200 0
201 0
202 0
203 0
204 0
205 0
206 0
207 0
208 0
209 0
210 0
211 0
212 0
213 0
214 0
215 0
216 0
217 0
218 0
219 0
220 0
221 0
222 0
223 0
224 0
225 0
226 0
227 0
228 0
229 0
230 0
231 0
232 0
233 0
234 0
235 0
236 0
237 0
238 0
239 0
240 0
241 0
242 0
243 0
244 0
245 0
246 0
247 0
248 0
249 0
250 0
251 0
252 0
253 0
254 0
255 0
256 0
257 0
258 0
259 0
260 0
261 0
262 0
263 0
0 0
1 0
2 0
3 0
4 0
5 0
6 0
7 0
8 0
9 0
10 0
11 0
12 0
13 0
14 0
15 0
16 0
17 0
18 0
19 0
20 0
21 0
22 0
23 0
24 0
25 0
26 0
27 0
28 0
29 0
30 0
31 0
32 0
33 0
34 0
35 0
36 0
37 0
38 0
39 0
40 0
41 0
42 0
43 0
44 0
45 0
46 0
47 0
48 0
49 0
50 0
51 0
52 0
53 0
54 0
55 0
56 0
57 0
58 0
59 0
60 0
61 0
62 0
63 0
64 0
65 0
66 0
67 0
68 0
69 0
70 0
71 0
72 0
73 0
74 0
75 0
76 0
77 0
78 0
79 0
80 0
81 0
82 0
83 0
84 0
85 1.93674e-07
86 1.93674e-07
87 3.87349e-07
88 1.93674e-07
89 5.81023e-07
90 9.68372e-07
91 5.81023e-07
92 1.93674e-06
93 1.74307e-06
94 4.06716e-06
95 5.81023e-06
96 9.87739e-06
97 1.25888e-05
98 1.83991e-05
99 2.78891e-05
100 4.35767e-05
101 6.08137e-05
102 9.81929e-05
103 0.000120659
104 0.000192125
105 0.000275792
106 0.000390448
107 0.000538415
108 0.00076114
109 0.00100711
110 0.00136076
111 0.00186876
112 0.00253287
113 0.00331667
114 0.00438169
115 0.00553231
116 0.00702263
117 0.00877209
118 0.0109715
119 0.0133579
120 0.0161972
121 0.01918
122 0.0224349
123 0.0261005
124 0.0296163
125 0.0333126
126 0.0367923
127 0.04014
128 0.0431249
129 0.045595
130 0.0477613
131 0.0488416
132 0.0495431
133 0.0492508
134 0.0481918
135 0.0464939
136 0.0441858
137 0.0412732
138 0.0377679
139 0.0343784
140 0.0306583
141 0.0267797
142 0.0231371
143 0.0196661
144 0.0164999
145 0.013479
146 0.0110218
147 0.00888133
148 0.00691398
149 0.00533282
150 0.00408033
151 0.00304127
152 0.00225224
153 0.00161834
154 0.00116747
155 0.000840353
156 0.000557782
157 0.000395483
158 0.00028412
159 0.000193868
160 0.000115817
161 7.86318e-05
162 5.01617e-05
163 3.58298e-05
164 2.01421e-05
165 1.06521e-05
166 6.97228e-06
167 4.06716e-06
168 2.13042e-06
169 1.16205e-06
170 3.87349e-07
171 3.87349e-07
172 3.87349e-07
173 0
174 0
175 0
176 0
177 0
178 0
179 0
180 0
181 0
182 0
183 0
184 0
185 0
186 0
187 0
188 0
189 0
190 0
191 0
192 0
193 0
194 0
195 0
196 0
197 0
198 0
199 0
200 0
201 0
202 0
203 0
204 0
205 0
206 0
207 0
208 0
209 0
210 0
211 0
212 0
213 0
214 0
215 0
216 0
217 0
218 0
219 0
220 0
221 0
222 0
223 0
224 0
225 0
226 0
227 0
228 0
229 0
230 0
231 0
232 0
233 0
234 0
235 0
236 0
237 0
238 0
239 0
240 0
241 0
242 0
243 0
244 0
245 0
246 0
247 0
248 0
249 0
250 0
251 0
252 0
253 0
254 0
255 0
256 0
257 0
258 0
259 0
260 0
261 0
262 0
263 0
0 0
1 0
2 0
3 0
4 0
5 0
6 0
7 0
8 0
9 0
10 0
11 0
12 0
13 0
14 0
15 0
16 0
17 0
18 0
19 0
20 0
21 0
22 0
23 0
24 0
25 0
26 0
27 0
28 0
29 0
30 0
31 0
32 0
33 0
34 0
35 0
36 0
37 0
38 0
39 0
40 0
41 0
42 0
43 0
44 0
45 0
46 0
47 0
48 0
49 0
50 0
51 0
52 0
53 0
54 0
55 0
56 0
57 0
58 0
59 0
60 0
61 0
62 0
63 0
64 0
65 0
66 0
67 0
68 0
69 0
70 0
71 0
72 0
73 0
74 0
75 0
76 0
77 0
78 0
79 0
80 0
81 0
82 0
83 0
84 0
85 1.02354e-07
86 2.04709e-07
87 2.04709e-07
88 1.02354e-07
89 4.09417e-07
90 8.18834e-07
91 6.14126e-07
92 1.53531e-06
93 1.63767e-06
94 3.48005e-06
95 5.11772e-06
96 8.80247e-06
97 1.22825e-05
98 1.76049e-05
99 2.55886e-05
100 4.19653e-05
101 6.3562e-05
102 9.36542e-05
103 0.00012436
104 0.000192017
105 0.000271034
106 0.000385262
107 0.000534085
108 0.000751895
109 0.00102201
110 0.0013825
111 0.00186776
112 0.00251873
113 0.00330809
114 0.00435538
115 0.00552201
116 0.0070689
117 0.00884372
118 0.0109689
119 0.0133159
120 0.01619
121 0.0191931
122 0.0224491
123 0.0261065
124 0.029544
125 0.0333719
126 0.0368311
127 0.0401051
128 0.0430771
129 0.0456776
130 0.0476918
131 0.0489575
132 0.0495224
133 0.0492421
134 0.0482495
135 0.0465373
136 0.0440945
137 0.0412445
138 0.0378596
139 0.0343544
140 0.0305021
141 0.0267676
142 0.0231891
143 0.0196461
144 0.0165275
145 0.0135034
146 0.0110064
147 0.00884761
148 0.0069125
149 0.0053388
150 0.00405313
151 0.00305579
152 0.00224852
153 0.00161863
154 0.00117216
155 0.000834699
156 0.000572263
157 0.000392017
158 0.000280553
159 0.000192221
160 0.000117605
161 7.91199e-05
162 5.13819e-05
163 3.2344e-05
164 2.00614e-05
165 1.10543e-05
166 8.08599e-06
167 4.09417e-06
168 2.76357e-06
169 1.22825e-06
170 4.09417e-07
171 8.18834e-07
172 6.14126e-07
173 1.02354e-07
174 1.02354e-07
175 0
176 0
177 0
178 0
179 0
180 0
181 0
182 0
183 0
184 0
185 0
186 0
187 0
188 0
189 0
190 0
191 0
192 0
193 0
194 0
195 0
196 0
197 0
198 0
199 0
200 0
201 0
202 0
203 0
204 0
205 0
206 0
207 0
208 0
209 0
210 0
211 0
212 0
213 0
214 0
215 0
216 0
217 0
218 0
219 0
220 0
221 0
222 0
223 0
224 0
225 0
226 0
227 0
228 0
229 0
230 0
231 0
232 0
233 0
234 0
235 0
236 0
237 0
238 0
239 0
240 0
241 0
242 0
243 0
244 0
245 0
246 0
247 0
248 0
249 0
250 0
251 0
252 0
253 0
254 0
255 0
256 0
257 0
258 0
259 0
260 0
261 0
262 0
263 0
0 0
1 0
2 0
3 0
4 0
5 0
6 0
7 0
8 0
9 0
10 0
11 0
12 0
13 0
14 0
15 0
16 0
17 0
18 0
19 0
20 0
21 0
22 0
23 0
24 0
25 0
26 0
27 0
28 0
29 0
30 0
31 0
32 0
33 0
34 0
35 0
36 0
37 0
38 0
39 0
40 0
41 0
42 0
43 0
44 0
45 0
46 0
47 0
48 0
49 0
50 0
51 0
52 0
53 0
54 0
55 0
56 0
57 0
58 0
59 0
60 0
61 0
62 0
63 0
64 0
65 0
66 0
67 0
68 0
69 0
70 0
71 0
72 0
73 0
74 0
75 0
76 0
77 0
78 0
79 0
80 0
81 0
82 0
83 0
84 0
85 5.36906e-08
86 1.07381e-07
87 1.07381e-07
88 1.07381e-07
89 2.68453e-07
90 5.90596e-07
91 6.97978e-07
92 1.39596e-06
93 1.61072e-06
94 3.06036e-06
95 4.93953e-06
96 8.59049e-06
97 1.24025e-05
98 1.85769e-05
99 2.56104e-05
100 4.04827e-05
101 5.99724e-05
102 9.26699e-05
103 0.000126065
104 0.000187917
105 0.000269795
106 0.000377821
107 0.00053159
108 0.000750755
109 0.00102635
110 0.00139998
111 0.00188996
112 0.00252179
113 0.00328984
114 0.00433417
115 0.00554081
116 0.00705967
117 0.00885503
118 0.0109555
119 0.013356
120 0.0161718
121 0.0191958
122 0.0224448
123 0.026036
124 0.0295538
125 0.0333322
126 0.0368165
127 0.0401596
128 0.0431133
129 0.0456731
130 0.0476625
131 0.0489487
132 0.0495076
133 0.0491939
134 0.0482254
135 0.0465927
136 0.0441834
137 0.0412883
138 0.0379203
139 0.0342767
140 0.0305256
141 0.026779
142 0.0231878
143 0.0196591
144 0.0164645
145 0.013514
146 0.0110457
147 0.00881186
148 0.00691578
149 0.00535156
150 0.00404661
151 0.00306573
152 0.00222709
153 0.00162865
154 0.0011718
155 0.000825761
156 0.000569281
157 0.000390599
158 0.000269956
159 0.000183407
160 0.00011871
161 7.76366e-05
162 5.03081e-05
163 3.10868e-05
164 1.82548e-05
165 1.17045e-05
166 7.14085e-06
167 4.02679e-06
168 3.00667e-06
169 1.44965e-06
170 8.59049e-07
171 6.44287e-07
172 5.36906e-07
173 1.07381e-07
174 1.07381e-07
175 1.07381e-07
176 0
177 0
178 0
179 0
180 0
181 0
182 0
183 0
184 0
185 0
186 0
187 0
188 0
189 0
190 0
191 0
192 0
193 0
194 0
195 0
196 0
197 0
198 0
199 0
200 0
201 0
202 0
203 0
204 0
205 0
206 0
207 0
208 0
209 0
210 0
211 0
212 0
213 0
214 0
215 0
216 0
217 0
218 0
219 0
220 0
221 0
222 0
223 0
224 0
225 0
226 0
227 0
228 0
229 0
230 0
231 0
232 0
233 0
234 0
235 0
236 0
237 0
238 0
239 0
240 0
241 0
242 0
243 0
244 0
245 0
246 0
247 0
248 0
249 0
250 0
251 0
252 0
253 0
254 0
255 0
256 0
257 0
258 0
259 0
260 0
261 0
262 0
263 0
