1.5 0.297619 0.0407648 
1.65 0.15873 0.0218855 
1.815 0.0746269 0.0115445 
1.9965 0.0336927 0.00748387 
2.19615 0.0164718 0.00465701 
2.41577 0.00780945 0.00286938 
2.65734 0.00381548 0.00179675 
2.92308 0.00181452 0.000905885 
3.21538 0.00138741 0.000694964 
3.53692 0.000792048 0.000395784 
3.89061 0.000441999 0.0002212 
4.27968 0.000293257 0.000146006 
4.70764 0.000133469 6.85139e-05 
5.17841 9.11339e-05 4.46832e-05 
5.69625 4.08875e-05 2.045e-05 
6.26587 2.17076e-05 1.089e-05 
6.89246 1.12927e-05 5.65663e-06 
