0 0
1 0
2 0
3 0
4 0
5 0
6 0
7 0
8 0
9 0
10 0
11 0
12 0
13 0
14 0
15 0
16 0
17 0
18 0
19 0
20 0
21 0
22 0.00287356
23 0.00287356
24 0.00574713
25 0.0114943
26 0.00574713
27 0.00574713
28 0.0201149
29 0.0517241
30 0.0258621
31 0.0402299
32 0.0603448
33 0.0948276
34 0.0804598
35 0.0804598
36 0.109195
37 0.0747126
38 0.0890805
39 0.0632184
40 0.0632184
41 0.0431034
42 0.0229885
43 0.00574713
44 0.0201149
45 0.00287356
46 0.0114943
47 0.00574713
48 0
49 0
50 0
51 0
52 0
53 0
54 0
55 0
56 0
57 0
58 0
59 0
60 0
61 0
62 0
63 0
64 0
65 0
66 0
67 0
68 0
69 0
70 0
71 0
0 0
1 0
2 0
3 0
4 0
5 0
6 0
7 0
8 0
9 0
10 0
11 0
12 0
13 0
14 0
15 0
16 0
17 0
18 0
19 0
20 0
21 0.00119332
22 0.00119332
23 0.00119332
24 0.00596659
25 0.00596659
26 0.00477327
27 0.0178998
28 0.0190931
29 0.0381862
30 0.0357995
31 0.0417661
32 0.0608592
33 0.0918854
34 0.0632458
35 0.0823389
36 0.102625
37 0.0775656
38 0.0954654
39 0.0668258
40 0.0596659
41 0.0453461
42 0.0274463
43 0.0178998
44 0.0143198
45 0.00596659
46 0.0107399
47 0.00357995
48 0
49 0.00119332
50 0
51 0
52 0
53 0
54 0
55 0
56 0
57 0
58 0
59 0
60 0
61 0
62 0
63 0
64 0
65 0
66 0
67 0
68 0
69 0
70 0
71 0
0 0
1 0
2 0
3 0
4 0
5 0
6 0
7 0
8 0
9 0
10 0
11 0
12 0
13 0
14 0
15 0
16 0
17 0
18 0
19 0
20 0
21 0.000586854
22 0.00117371
23 0.00117371
24 0.00469484
25 0.00352113
26 0.00528169
27 0.0117371
28 0.0176056
29 0.0316901
30 0.0357981
31 0.0434272
32 0.0598592
33 0.0809859
34 0.07277
35 0.092723
36 0.096831
37 0.0780516
38 0.0980047
39 0.0698357
40 0.056338
41 0.0492958
42 0.0293427
43 0.0228873
44 0.0129108
45 0.00938967
46 0.00704225
47 0.00528169
48 0.000586854
49 0.00117371
50 0
51 0
52 0
53 0
54 0
55 0
56 0
57 0
58 0
59 0
60 0
61 0
62 0
63 0
64 0
65 0
66 0
67 0
68 0
69 0
70 0
71 0
0 0
1 0
2 0
3 0
4 0
5 0
6 0
7 0
8 0
9 0
10 0
11 0
12 0
13 0
14 0
15 0
16 0
17 0
18 0
19 0
20 0.00061237
21 0.000306185
22 0.00061237
23 0.00122474
24 0.00275566
25 0.00336803
26 0.00673607
27 0.0122474
28 0.0171464
29 0.0318432
30 0.0339865
31 0.0471525
32 0.0633803
33 0.0768524
34 0.0820576
35 0.0900184
36 0.0952235
37 0.0783833
38 0.089406
39 0.0679731
40 0.0557257
41 0.0459277
42 0.0327618
43 0.0254133
44 0.0137783
45 0.0104103
46 0.00704225
47 0.00489896
48 0.00122474
49 0.000918555
50 0.00061237
51 0
52 0
53 0
54 0
55 0
56 0
57 0
58 0
59 0
60 0
61 0
62 0
63 0
64 0
65 0
66 0
67 0
68 0
69 0
70 0
71 0
0 0
1 0
2 0
3 0
4 0
5 0
6 0
7 0
8 0
9 0
10 0
11 0
12 0
13 0
14 0
15 0
16 0
17 0
18 0
19 0
20 0.000324939
21 0.000324939
22 0.000487409
23 0.000974817
24 0.00243704
25 0.0037368
26 0.00649878
27 0.0118603
28 0.0165719
29 0.0276198
30 0.031844
31 0.0492283
32 0.0627132
33 0.0753859
34 0.0833469
35 0.0898457
36 0.0974817
37 0.0794476
38 0.0869212
39 0.0727864
40 0.0565394
41 0.0466288
42 0.0334687
43 0.0261576
44 0.0136474
45 0.00974817
46 0.00731113
47 0.00389927
48 0.00194963
49 0.000487409
50 0.000324939
51 0
52 0
53 0
54 0
55 0
56 0
57 0
58 0
59 0
60 0
61 0
62 0
63 0
64 0
65 0
66 0
67 0
68 0
69 0
70 0
71 0
0 0
1 0
2 0
3 0
4 0
5 0
6 0
7 0
8 0
9 0
10 0
11 0
12 0
13 0
14 0
15 0
16 0
17 0
18 0
19 0
20 0.000253593
21 0.000169062
22 0.000338123
23 0.00118343
24 0.00236686
25 0.00363483
26 0.00803043
27 0.0106509
28 0.017836
29 0.0249366
30 0.0335587
31 0.0463229
32 0.0612849
33 0.0722739
34 0.0830938
35 0.0947591
36 0.0928994
37 0.0846999
38 0.0874049
39 0.0742181
40 0.0595943
41 0.0464074
42 0.0332206
43 0.0242604
44 0.0140321
45 0.00980558
46 0.00633981
47 0.0035503
48 0.00185968
49 0.000591716
50 0.000338123
51 8.45309e-05
52 0
53 0
54 0
55 0
56 0
57 0
58 0
59 0
60 0
61 0
62 0
63 0
64 0
65 0
66 0
67 0
68 0
69 0
70 0
71 0
0 0
1 0
2 0
3 0
4 0
5 0
6 0
7 0
8 0
9 0
10 0
11 0
12 0
13 0
14 0
15 0
16 0
17 0
18 0
19 8.59771e-05
20 0.000214943
21 0.000128966
22 0.000386897
23 0.00120368
24 0.00223541
25 0.00343909
26 0.00739403
27 0.0102313
28 0.0161637
29 0.0244175
30 0.0345628
31 0.0460837
32 0.0596681
33 0.0720058
34 0.0832259
35 0.0965953
36 0.0950907
37 0.0867939
38 0.0855043
39 0.0734675
40 0.0598831
41 0.0473304
42 0.0341759
43 0.0233858
44 0.015003
45 0.00988737
46 0.00550254
47 0.0033961
48 0.00137563
49 0.000558851
50 0.000343909
51 0.000214943
52 0
53 4.29886e-05
54 0
55 0
56 0
57 0
58 0
59 0
60 0
61 0
62 0
63 0
64 0
65 0
66 0
67 0
68 0
69 0
70 0
71 0
0 0
1 0
2 0
3 0
4 0
5 0
6 0
7 0
8 0
9 0
10 0
11 0
12 0
13 0
14 0
15 0
16 0
17 0
18 0
19 0.000113102
20 0.000135722
21 0.000158342
22 0.000429786
23 0.0012215
24 0.00205845
25 0.00361925
26 0.00692182
27 0.00997557
28 0.0154271
29 0.0242038
30 0.0352651
31 0.0465753
32 0.0594689
33 0.0729732
34 0.0834012
35 0.0929696
36 0.0962495
37 0.089373
38 0.0838988
39 0.0727923
40 0.0603737
41 0.0479551
42 0.0341793
43 0.0235478
44 0.0155176
45 0.00986247
46 0.00518006
47 0.00339305
48 0.00140246
49 0.000769092
50 0.000271444
51 0.000226203
52 6.7861e-05
53 2.26203e-05
54 0
55 0
56 0
57 0
58 0
59 0
60 0
61 0
62 0
63 0
64 0
65 0
66 0
67 0
68 0
69 0
70 0
71 0
0 0
1 0
2 0
3 0
4 0
5 0
6 0
7 0
8 0
9 0
10 0
11 0
12 0
13 0
14 0
15 0
16 0
17 0
18 0
19 0.00010186
20 0.000132418
21 0.00025465
22 0.000397254
23 0.00120195
24 0.00178255
25 0.00338175
26 0.00640699
27 0.0102471
28 0.0157577
29 0.0243751
30 0.0358445
31 0.0466824
32 0.0589158
33 0.0729419
34 0.0840345
35 0.0916943
36 0.094302
37 0.0907674
38 0.0842586
39 0.0728808
40 0.0611771
41 0.0478131
42 0.0341638
43 0.0237639
44 0.0155642
45 0.00990079
46 0.00539858
47 0.00296412
48 0.00148716
49 0.000743578
50 0.000346324
51 0.00020372
52 9.1674e-05
53 2.0372e-05
54 0
55 0
56 0
57 0
58 0
59 0
60 0
61 0
62 0
63 0
64 0
65 0
66 0
67 0
68 0
69 0
70 0
71 0
0 0
1 0
2 0
3 0
4 0
5 0
6 0
7 0
8 0
9 0
10 0
11 0
12 0
13 0
14 0
15 0
16 4.58644e-06
17 0
18 4.58644e-06
19 6.87966e-05
20 0.000133007
21 0.000224736
22 0.000463231
23 0.00110075
24 0.00182999
25 0.00342607
26 0.00636139
27 0.0102232
28 0.0163965
29 0.0241109
30 0.0349303
31 0.0469009
32 0.0592064
33 0.0722915
34 0.0835787
35 0.0915866
36 0.0940679
37 0.0899447
38 0.0853949
39 0.0736215
40 0.06083
41 0.0479971
42 0.0346643
43 0.0238403
44 0.015681
45 0.00980122
46 0.00539824
47 0.00293074
48 0.00166029
49 0.000784281
50 0.000325637
51 0.000137593
52 5.96237e-05
53 1.37593e-05
54 4.58644e-06
55 0
56 0
57 0
58 0
59 0
60 0
61 0
62 0
63 0
64 0
65 0
66 0
67 0
68 0
69 0
70 0
71 0
0 0
1 0
2 0
3 0
4 0
5 0
6 0
7 0
8 0
9 0
10 0
11 0
12 0
13 0
14 0
15 2.15181e-06
16 2.15181e-06
17 6.45544e-06
18 2.15181e-05
19 4.94917e-05
20 0.000124805
21 0.000208726
22 0.000428211
23 0.00105869
24 0.00180322
25 0.00339772
26 0.00619938
27 0.0100985
28 0.016016
29 0.0242854
30 0.0344699
31 0.0469289
32 0.059276
33 0.0730175
34 0.0833785
35 0.0914026
36 0.0942409
37 0.0909013
38 0.0849192
39 0.0737061
40 0.0610276
41 0.0474561
42 0.034769
43 0.02384
44 0.0156545
45 0.00975633
46 0.00565282
47 0.00293723
48 0.00163753
49 0.000774653
50 0.000322772
51 0.000148475
52 6.24026e-05
53 1.50627e-05
54 2.15181e-06
55 0
56 0
57 0
58 0
59 0
60 0
61 0
62 0
63 0
64 0
65 0
66 0
67 0
68 0
69 0
70 0
71 0
0 0
1 0
2 0
3 0
4 0
5 0
6 0
7 0
8 0
9 0
10 0
11 0
12 0
13 9.65433e-07
14 9.65433e-07
15 9.65433e-07
16 9.65433e-07
17 6.75803e-06
18 2.31704e-05
19 3.95827e-05
20 0.000113921
21 0.000220119
22 0.000450857
23 0.00106101
24 0.00188356
25 0.00347459
26 0.00609671
27 0.0101119
28 0.0159518
29 0.0243588
30 0.0344939
31 0.0463775
32 0.0596473
33 0.072783
34 0.0838642
35 0.091105
36 0.0942648
37 0.0907429
38 0.0848384
39 0.0736123
40 0.0609622
41 0.0471913
42 0.0349496
43 0.0241706
44 0.0158254
45 0.00974508
46 0.00565937
47 0.00303435
48 0.00162193
49 0.000754968
50 0.000308938
51 0.000153504
52 6.85457e-05
53 1.93087e-05
54 8.68889e-06
55 0
56 0
57 0
58 0
59 0
60 0
61 0
62 0
63 0
64 0
65 0
66 0
67 0
68 0
69 0
70 0
71 0
0 0
1 0
2 0
3 0
4 0
5 0
6 0
7 0
8 0
9 0
10 0
11 0
12 0
13 5.18325e-07
14 5.18325e-07
15 1.03665e-06
16 1.03665e-06
17 5.18325e-06
18 2.02147e-05
19 4.04294e-05
20 0.00010211
21 0.000223916
22 0.000461309
23 0.0010014
24 0.0018753
25 0.00341317
26 0.00604263
27 0.0101182
28 0.0159639
29 0.0242312
30 0.0344018
31 0.0465269
32 0.0597603
33 0.0726376
34 0.0837831
35 0.0913102
36 0.0943948
37 0.0909116
38 0.0846015
39 0.0737198
40 0.0609291
41 0.0470282
42 0.0350662
43 0.0242353
44 0.0159147
45 0.00976369
46 0.0056399
47 0.0029954
48 0.001584
49 0.000747425
50 0.000310995
51 0.000145649
52 5.90891e-05
53 2.33246e-05
54 5.70158e-06
55 1.03665e-06
56 5.18325e-07
57 0
58 0
59 0
60 0
61 0
62 0
63 0
64 0
65 0
66 0
67 0
68 0
69 0
70 0
71 0
0 0
1 0
2 0
3 0
4 0
5 0
6 0
7 0
8 0
9 0
10 0
11 0
12 0
13 2.55834e-07
14 2.55834e-07
15 1.02333e-06
16 1.79084e-06
17 6.14001e-06
18 2.20017e-05
19 4.57942e-05
20 0.000105659
21 0.00022411
22 0.00047099
23 0.000978052
24 0.00187756
25 0.00341947
26 0.00605251
27 0.0100484
28 0.0159382
29 0.0240601
30 0.0344736
31 0.0465952
32 0.0597666
33 0.072579
34 0.0835571
35 0.0912781
36 0.0943116
37 0.0913019
38 0.0844233
39 0.073794
40 0.0609365
41 0.0472364
42 0.0350991
43 0.0242482
44 0.0158819
45 0.00976875
46 0.00561708
47 0.00304289
48 0.00156084
49 0.000731429
50 0.000321839
51 0.000135848
52 5.55159e-05
53 2.149e-05
54 7.67501e-06
55 1.535e-06
56 2.55834e-07
57 0
58 0
59 0
60 0
61 0
62 0
63 0
64 0
65 0
66 0
67 0
68 0
69 0
70 0
71 0
0 0
1 0
2 0
3 0
4 0
5 0
6 0
7 0
8 0
9 0
10 0
11 0
12 0
13 3.48644e-07
14 1.16215e-07
15 1.51079e-06
16 2.44051e-06
17 7.32152e-06
18 1.94078e-05
19 4.39291e-05
20 0.000104361
21 0.000225108
22 0.000466021
23 0.000959816
24 0.00184828
25 0.00339626
26 0.00602689
27 0.0100429
28 0.0158898
29 0.0240277
30 0.0343491
31 0.0466162
32 0.0598526
33 0.0726538
34 0.0837807
35 0.0911361
36 0.0941013
37 0.0915577
38 0.0844058
39 0.0738128
40 0.060828
41 0.0473821
42 0.0349532
43 0.0242633
44 0.0159367
45 0.00976377
46 0.00565291
47 0.00305947
48 0.00155205
49 0.000741682
50 0.000322031
51 0.000133647
52 5.39236e-05
53 2.03376e-05
54 6.3918e-06
55 1.627e-06
56 3.48644e-07
57 2.32429e-07
58 0
59 0
60 0
61 0
62 0
63 0
64 0
65 0
66 0
67 0
68 0
69 0
70 0
71 0
0 0
1 0
2 0
3 0
4 0
5 0
6 0
7 0
8 0
9 0
10 0
11 5.37497e-08
12 0
13 2.68748e-07
14 2.68748e-07
15 1.50499e-06
16 3.11748e-06
17 8.06245e-06
18 2.17686e-05
19 4.42897e-05
20 0.000107069
21 0.000225802
22 0.000470309
23 0.000952229
24 0.00184442
25 0.00340859
26 0.00600798
27 0.00998196
28 0.0158697
29 0.0239822
30 0.0343314
31 0.0465811
32 0.0597911
33 0.0726858
34 0.0837501
35 0.0911618
36 0.0940989
37 0.0915985
38 0.0845137
39 0.0738261
40 0.060836
41 0.0473996
42 0.0349487
43 0.0243024
44 0.015898
45 0.00977513
46 0.00565833
47 0.00307427
48 0.00155412
49 0.000744701
50 0.000327389
51 0.000129214
52 5.56309e-05
53 1.98874e-05
54 6.39621e-06
55 1.71999e-06
56 3.22498e-07
57 1.07499e-07
58 0
59 0
60 0
61 0
62 0
63 0
64 0
65 0
66 0
67 0
68 0
69 0
70 0
71 0
