0 0
1 0
2 0
3 0
4 0
5 0
6 0
7 0
8 0
9 0
10 0
11 0
12 0
13 0
14 0
15 0
16 0
17 0
18 0
19 0
20 0
21 0
22 0.00408163
23 0.00408163
24 0
25 0
26 0.00816327
27 0.0122449
28 0.0204082
29 0.0244898
30 0.0326531
31 0.0367347
32 0.0693878
33 0.0489796
34 0.114286
35 0.0897959
36 0.0857143
37 0.0857143
38 0.0816327
39 0.0857143
40 0.0489796
41 0.0530612
42 0.0326531
43 0.0285714
44 0.0163265
45 0.0122449
46 0.00408163
47 0
48 0
49 0
50 0
51 0
52 0
53 0
54 0
55 0
56 0
57 0
58 0
59 0
60 0
61 0
62 0
63 0
64 0
65 0
66 0
67 0
68 0
69 0
70 0
71 0
0 0
1 0
2 0
3 0
4 0
5 0
6 0
7 0
8 0
9 0
10 0
11 0
12 0
13 0
14 0
15 0
16 0
17 0
18 0
19 0.00160514
20 0
21 0
22 0.00160514
23 0.00321027
24 0.00160514
25 0.00160514
26 0.00963082
27 0.00963082
28 0.0176565
29 0.0304976
30 0.0288925
31 0.0577849
32 0.05939
33 0.0513644
34 0.0930979
35 0.0786517
36 0.0898876
37 0.0866774
38 0.0914928
39 0.0898876
40 0.0513644
41 0.0513644
42 0.0369181
43 0.0288925
44 0.0144462
45 0.00481541
46 0.00642055
47 0
48 0.00160514
49 0
50 0
51 0
52 0
53 0
54 0
55 0
56 0
57 0
58 0
59 0
60 0
61 0
62 0
63 0
64 0
65 0
66 0
67 0
68 0
69 0
70 0
71 0
0 0
1 0
2 0
3 0
4 0
5 0
6 0
7 0
8 0
9 0
10 0
11 0
12 0
13 0
14 0
15 0
16 0
17 0
18 0
19 0.00075358
20 0.00075358
21 0.00075358
22 0.00150716
23 0.00226074
24 0.00226074
25 0.0037679
26 0.00678222
27 0.00678222
28 0.0173323
29 0.0241145
30 0.0324039
31 0.0587792
32 0.0489827
33 0.0640543
34 0.0851545
35 0.0972118
36 0.0836473
37 0.10324
38 0.0798794
39 0.0836473
40 0.0557649
41 0.0474755
42 0.0301432
43 0.0248681
44 0.0218538
45 0.0075358
46 0.0037679
47 0.00226074
48 0.00150716
49 0.00075358
50 0
51 0
52 0
53 0
54 0
55 0
56 0
57 0
58 0
59 0
60 0
61 0
62 0
63 0
64 0
65 0
66 0
67 0
68 0
69 0
70 0
71 0
0 0
1 0
2 0
3 0
4 0
5 0
6 0
7 0
8 0
9 0
10 0
11 0
12 0
13 0
14 0
15 0
16 0
17 0
18 0
19 0.000366703
20 0.000366703
21 0.000366703
22 0.00110011
23 0.00110011
24 0.00293363
25 0.00403374
26 0.00806747
27 0.00953429
28 0.0183352
29 0.0253025
30 0.0308031
31 0.0517052
32 0.0539054
33 0.0678401
34 0.0799413
35 0.0953429
36 0.0909424
37 0.100477
38 0.0770077
39 0.0770077
40 0.0605061
41 0.049505
42 0.03337
43 0.0223689
44 0.0187019
45 0.00953429
46 0.00586725
47 0.00220022
48 0.00110011
49 0.000366703
50 0
51 0
52 0
53 0
54 0
55 0
56 0
57 0
58 0
59 0
60 0
61 0
62 0
63 0
64 0
65 0
66 0
67 0
68 0
69 0
70 0
71 0
0 0
1 0
2 0
3 0
4 0
5 0
6 0
7 0
8 0
9 0
10 0
11 0
12 0
13 0
14 0
15 0
16 0
17 0
18 0
19 0.00019996
20 0.00039992
21 0.00019996
22 0.00079984
23 0.00159968
24 0.00239952
25 0.00359928
26 0.00759848
27 0.0109978
28 0.0171966
29 0.0263947
30 0.0303939
31 0.0487902
32 0.0593881
33 0.0717856
34 0.0841832
35 0.0893821
36 0.0925815
37 0.094981
38 0.0775845
39 0.0779844
40 0.0625875
41 0.0469906
42 0.029994
43 0.0237952
44 0.0181964
45 0.009998
46 0.00559888
47 0.00259948
48 0.0009998
49 0.00039992
50 0.00019996
51 0.00019996
52 0
53 0
54 0
55 0
56 0
57 0
58 0
59 0
60 0
61 0
62 0
63 0
64 0
65 0
66 0
67 0
68 0
69 0
70 0
71 0
0 0
1 0
2 0
3 0
4 0
5 0
6 0
7 0
8 0
9 0
10 0
11 0
12 0
13 0
14 0
15 0
16 0
17 0
18 0
19 0.000222841
20 0.000222841
21 0.000222841
22 0.000557103
23 0.00133705
24 0.00200557
25 0.0043454
26 0.00679666
27 0.0108078
28 0.0172702
29 0.0258496
30 0.0318663
31 0.0480223
32 0.0576045
33 0.0714206
34 0.0841226
35 0.091922
36 0.0937047
37 0.0934819
38 0.0789972
39 0.0759889
40 0.062507
41 0.0464624
42 0.031532
43 0.0229526
44 0.0178273
45 0.0106964
46 0.00523677
47 0.00289694
48 0.00178273
49 0.000779944
50 0.000222841
51 0.000222841
52 0.000111421
53 0
54 0
55 0
56 0
57 0
58 0
59 0
60 0
61 0
62 0
63 0
64 0
65 0
66 0
67 0
68 0
69 0
70 0
71 0
0 0
1 0
2 0
3 0
4 0
5 0
6 0
7 0
8 0
9 0
10 0
11 0
12 0
13 0
14 0
15 0
16 0
17 5.13927e-05
18 0
19 0.000102785
20 0.000154178
21 0.000154178
22 0.000616713
23 0.00118203
24 0.00169596
25 0.00411142
26 0.00668106
27 0.0111522
28 0.0158804
29 0.0251824
30 0.0323774
31 0.0486689
32 0.0592558
33 0.0721554
34 0.083359
35 0.0938945
36 0.0916847
37 0.0935348
38 0.0817145
39 0.0761127
40 0.0605407
41 0.04502
42 0.0342276
43 0.0227156
44 0.0165999
45 0.0099188
46 0.00503649
47 0.00334053
48 0.0013876
49 0.000976462
50 0.000256964
51 0.000154178
52 5.13927e-05
53 5.13927e-05
54 0
55 0
56 0
57 0
58 0
59 0
60 0
61 0
62 0
63 0
64 0
65 0
66 0
67 0
68 0
69 0
70 0
71 0
0 0
1 0
2 0
3 0
4 0
5 0
6 0
7 0
8 0
9 0
10 0
11 0
12 0
13 0
14 0
15 0
16 2.50721e-05
17 2.50721e-05
18 2.50721e-05
19 5.01442e-05
20 7.52162e-05
21 0.000100288
22 0.000501442
23 0.00100288
24 0.00175505
25 0.00393632
26 0.00611759
27 0.0105553
28 0.0151937
29 0.0240441
30 0.033747
31 0.0471606
32 0.0595211
33 0.0719318
34 0.0820359
35 0.0914379
36 0.0932932
37 0.0940454
38 0.0828883
39 0.0763696
40 0.0615269
41 0.0465839
42 0.0337721
43 0.0244202
44 0.0168234
45 0.0100288
46 0.00518992
47 0.0032343
48 0.00130375
49 0.000827379
50 0.000150432
51 0.000200577
52 7.52162e-05
53 2.50721e-05
54 0
55 0
56 0
57 0
58 0
59 0
60 0
61 0
62 0
63 0
64 0
65 0
66 0
67 0
68 0
69 0
70 0
71 0
0 0
1 0
2 0
3 0
4 0
5 0
6 0
7 0
8 0
9 0
10 0
11 0
12 0
13 0
14 0
15 0
16 1.15404e-05
17 1.15404e-05
18 2.30808e-05
19 3.46212e-05
20 8.07829e-05
21 0.000196187
22 0.000519319
23 0.0011425
24 0.0018003
25 0.00401606
26 0.00627799
27 0.0100517
28 0.0159719
29 0.0237617
30 0.0337788
31 0.0473849
32 0.0583368
33 0.0717006
34 0.0811407
35 0.0905461
36 0.0944352
37 0.0928196
38 0.0841758
39 0.076813
40 0.0616489
41 0.0477312
42 0.0347482
43 0.024408
44 0.0163297
45 0.00940544
46 0.00520473
47 0.00306975
48 0.00126945
49 0.000703965
50 0.000207727
51 0.000150025
52 8.07829e-05
53 1.15404e-05
54 0
55 0
56 0
57 0
58 0
59 0
60 0
61 0
62 0
63 0
64 0
65 0
66 0
67 0
68 0
69 0
70 0
71 0
0 0
1 0
2 0
3 0
4 0
5 0
6 0
7 0
8 0
9 0
10 0
11 0
12 0
13 0
14 0
15 4.95148e-06
16 4.95148e-06
17 2.47574e-05
18 1.48544e-05
19 4.95148e-05
20 8.41751e-05
21 0.000212913
22 0.000510002
23 0.00100515
24 0.00181224
25 0.00361458
26 0.00609527
27 0.0106506
28 0.0161814
29 0.0233759
30 0.0346009
31 0.0462517
32 0.0592692
33 0.0719697
34 0.0816003
35 0.0904932
36 0.0935433
37 0.0916221
38 0.0845019
39 0.0760992
40 0.0621559
41 0.0484948
42 0.0355615
43 0.0245494
44 0.0158992
45 0.00952169
46 0.00508021
47 0.00273817
48 0.00135175
49 0.000648643
50 0.000237671
51 9.90295e-05
52 5.94177e-05
53 9.90295e-06
54 0
55 0
56 0
57 0
58 0
59 0
60 0
61 0
62 0
63 0
64 0
65 0
66 0
67 0
68 0
69 0
70 0
71 0
0 0
1 0
2 0
3 0
4 0
5 0
6 0
7 0
8 0
9 0
10 0
11 0
12 0
13 0
14 0
15 2.11723e-06
16 6.35169e-06
17 1.48206e-05
18 1.48206e-05
19 4.44619e-05
20 9.95099e-05
21 0.000262537
22 0.000472143
23 0.00104803
24 0.00196902
25 0.0036374
26 0.00629453
27 0.0103554
28 0.0160571
29 0.0239099
30 0.0346548
31 0.0461937
32 0.0590284
33 0.0711644
34 0.0824873
35 0.0900458
36 0.093535
37 0.0919513
38 0.0855001
39 0.0761272
40 0.0616771
41 0.0483025
42 0.0352561
43 0.0245154
44 0.0155807
45 0.00930523
46 0.00538624
47 0.00283286
48 0.00128516
49 0.000613997
50 0.000211723
51 9.10409e-05
52 5.29308e-05
53 1.05862e-05
54 2.11723e-06
55 0
56 0
57 0
58 0
59 0
60 0
61 0
62 0
63 0
64 0
65 0
66 0
67 0
68 0
69 0
70 0
71 0
0 0
1 0
2 0
3 0
4 0
5 0
6 0
7 0
8 0
9 0
10 0
11 0
12 0
13 0
14 0
15 2.78557e-06
16 3.71409e-06
17 1.29993e-05
18 2.22846e-05
19 4.17835e-05
20 0.000105852
21 0.000263701
22 0.000510688
23 0.00108173
24 0.00199818
25 0.00362217
26 0.00633531
27 0.0103196
28 0.0162798
29 0.0241815
30 0.0341158
31 0.0460965
32 0.0585127
33 0.070968
34 0.0826172
35 0.0903602
36 0.0937511
37 0.0919907
38 0.085711
39 0.0757554
40 0.0618006
41 0.0483436
42 0.0350787
43 0.0245845
44 0.0155333
45 0.00939758
46 0.00543743
47 0.00280971
48 0.00134914
49 0.000605397
50 0.000244202
51 0.000105852
52 4.0855e-05
53 7.42819e-06
54 9.28523e-07
55 0
56 0
57 0
58 0
59 0
60 0
61 0
62 0
63 0
64 0
65 0
66 0
67 0
68 0
69 0
70 0
71 0
0 0
1 0
2 0
3 0
4 0
5 0
6 0
7 0
8 0
9 0
10 0
11 0
12 0
13 0
14 3.77034e-07
15 2.26221e-06
16 3.77034e-06
17 7.16365e-06
18 1.77206e-05
19 4.93915e-05
20 0.000111979
21 0.000264678
22 0.000525963
23 0.00105683
24 0.00197754
25 0.00365384
26 0.00636886
27 0.0102731
28 0.0161906
29 0.0241958
30 0.0340677
31 0.0460234
32 0.0587499
33 0.0711437
34 0.0825102
35 0.0902066
36 0.0937405
37 0.0921513
38 0.0856652
39 0.0753786
40 0.0619166
41 0.0483316
42 0.0353036
43 0.0246569
44 0.0156096
45 0.00938853
46 0.00531015
47 0.00280664
48 0.00133659
49 0.000608156
50 0.000244695
51 0.000106324
52 3.3556e-05
53 8.67179e-06
54 3.77034e-07
55 7.54068e-07
56 3.77034e-07
57 0
58 0
59 0
60 0
61 0
62 0
63 0
64 0
65 0
66 0
67 0
68 0
69 0
70 0
71 0
0 0
1 0
2 0
3 0
4 0
5 0
6 0
7 0
8 0
9 0
10 0
11 0
12 0
13 3.07077e-07
14 1.53538e-07
15 1.38184e-06
16 2.91723e-06
17 8.13753e-06
18 1.84246e-05
19 4.88252e-05
20 0.000111315
21 0.000247964
22 0.000519113
23 0.00105204
24 0.00199815
25 0.00367448
26 0.0063158
27 0.0103164
28 0.0162207
29 0.0240662
30 0.034206
31 0.0461429
32 0.0586982
33 0.0714623
34 0.0824203
35 0.090216
36 0.0934988
37 0.0921477
38 0.0855285
39 0.0751589
40 0.0620051
41 0.0484327
42 0.0354761
43 0.0244603
44 0.0156778
45 0.00942695
46 0.00531273
47 0.00278365
48 0.00133118
49 0.000606783
50 0.000255027
51 0.000103945
52 3.23966e-05
53 9.51938e-06
54 1.996e-06
55 1.38184e-06
56 4.60615e-07
57 0
58 0
59 0
60 0
61 0
62 0
63 0
64 0
65 0
66 0
67 0
68 0
69 0
70 0
71 0
0 0
1 0
2 0
3 0
4 0
5 0
6 0
7 0
8 0
9 0
10 0
11 0
12 0
13 1.81675e-07
14 4.23908e-07
15 1.15061e-06
16 2.9068e-06
17 8.17536e-06
18 1.92575e-05
19 4.75988e-05
20 0.000113547
21 0.000246411
22 0.000513594
23 0.00104802
24 0.00198879
25 0.00365766
26 0.0063264
27 0.010346
28 0.016217
29 0.0241159
30 0.0342404
31 0.0460571
32 0.0587623
33 0.0714342
34 0.0823977
35 0.0902389
36 0.0936403
37 0.0919932
38 0.0855194
39 0.0750583
40 0.062072
41 0.0484046
42 0.0354735
43 0.0244499
44 0.0156603
45 0.0094687
46 0.00533203
47 0.00279567
48 0.0013367
49 0.000608368
50 0.000254829
51 9.82255e-05
52 3.51843e-05
53 1.07794e-05
54 2.96735e-06
55 1.02949e-06
56 3.02791e-07
57 6.05582e-08
58 0
59 0
60 0
61 0
62 0
63 0
64 0
65 0
66 0
67 0
68 0
69 0
70 0
71 0
