0 0
1 0
2 0
3 0
4 0
5 0
6 0
7 0
8 0
9 0
10 0
11 0
12 0
13 0
14 0
15 0
16 0
17 0
18 0
19 0
20 0
21 0
22 0
23 0
24 0
25 0
26 0
27 0
28 0
29 0
30 0
31 0
32 0
33 0
34 0
35 0
36 0
37 0
38 0
39 0
40 0
41 0
42 0
43 0
44 0
45 0
46 0
47 0
48 0
49 0
50 0
51 0
52 0
53 0
54 0
55 0
56 0
57 0
58 0
59 0
60 0
61 0
62 0
63 0
64 0
65 0
66 0
67 0
68 0
69 0
70 0
71 0
72 0
73 0
74 0
75 0
76 0
77 0
78 0
79 0
80 0
81 0
82 0
83 0
84 0
85 0
86 0
87 0
88 0
89 0
90 0
91 0
92 0
93 0
94 0
95 0
96 0
97 0
98 0
99 0
100 0
101 0
102 0
103 0
104 0.00255102
105 0
106 0
107 0
108 0
109 0.00255102
110 0.00510204
111 0.00255102
112 0.00255102
113 0
114 0.00255102
115 0.0127551
116 0.00510204
117 0.00765306
118 0.00765306
119 0.0127551
120 0.00765306
121 0.0178571
122 0.0178571
123 0.0204082
124 0.0102041
125 0.0229592
126 0.0382653
127 0.0382653
128 0.0433673
129 0.0586735
130 0.0535714
131 0.0408163
132 0.0382653
133 0.0510204
134 0.0459184
135 0.0586735
136 0.0535714
137 0.0484694
138 0.0382653
139 0.0280612
140 0.0331633
141 0.0306122
142 0.0382653
143 0.0178571
144 0.0127551
145 0.0127551
146 0.0127551
147 0.00255102
148 0.0102041
149 0.00765306
150 0.00510204
151 0.0102041
152 0.00255102
153 0.00255102
154 0
155 0.00510204
156 0
157 0
158 0
159 0
160 0
161 0
162 0
163 0
164 0
165 0
166 0
167 0
168 0
169 0
170 0
171 0
172 0
173 0
174 0
175 0
176 0
177 0
178 0
179 0
180 0
181 0
182 0
183 0
184 0
185 0
186 0
187 0
188 0
189 0
190 0
191 0
192 0
193 0
194 0
195 0
196 0
197 0
198 0
199 0
200 0
201 0
202 0
203 0
204 0
205 0
206 0
207 0
208 0
209 0
210 0
211 0
212 0
213 0
214 0
215 0
216 0
217 0
218 0
219 0
220 0
221 0
222 0
223 0
224 0
225 0
226 0
227 0
228 0
229 0
230 0
231 0
232 0
233 0
234 0
235 0
236 0
237 0
238 0
239 0
240 0
241 0
242 0
243 0
244 0
245 0
246 0
247 0
248 0
249 0
250 0
251 0
252 0
253 0
254 0
255 0
256 0
257 0
258 0
259 0
260 0
261 0
262 0
263 0
0 0
1 0
2 0
3 0
4 0
5 0
6 0
7 0
8 0
9 0
10 0
11 0
12 0
13 0
14 0
15 0
16 0
17 0
18 0
19 0
20 0
21 0
22 0
23 0
24 0
25 0
26 0
27 0
28 0
29 0
30 0
31 0
32 0
33 0
34 0
35 0
36 0
37 0
38 0
39 0
40 0
41 0
42 0
43 0
44 0
45 0
46 0
47 0
48 0
49 0
50 0
51 0
52 0
53 0
54 0
55 0
56 0
57 0
58 0
59 0
60 0
61 0
62 0
63 0
64 0
65 0
66 0
67 0
68 0
69 0
70 0
71 0
72 0
73 0
74 0
75 0
76 0
77 0
78 0
79 0
80 0
81 0
82 0
83 0
84 0
85 0
86 0
87 0
88 0
89 0
90 0
91 0
92 0
93 0
94 0
95 0
96 0
97 0
98 0
99 0
100 0.000856898
101 0
102 0
103 0
104 0.000856898
105 0
106 0.000856898
107 0
108 0
109 0.000856898
110 0.0017138
111 0.000856898
112 0.00257069
113 0.00342759
114 0.00599829
115 0.0102828
116 0.00428449
117 0.0119966
118 0.0102828
119 0.0128535
120 0.0119966
121 0.0179949
122 0.0265638
123 0.0239931
124 0.0197087
125 0.0299914
126 0.033419
127 0.0402742
128 0.0445587
129 0.0531277
130 0.0437018
131 0.0437018
132 0.0445587
133 0.0471294
134 0.0488432
135 0.0437018
136 0.0471294
137 0.0471294
138 0.0377035
139 0.0385604
140 0.0368466
141 0.033419
142 0.0274207
143 0.0179949
144 0.017138
145 0.0111397
146 0.00942588
147 0.00771208
148 0.00599829
149 0.00771208
150 0.00342759
151 0.00428449
152 0.0017138
153 0.0017138
154 0
155 0.00257069
156 0
157 0
158 0
159 0
160 0
161 0
162 0
163 0
164 0
165 0
166 0
167 0
168 0
169 0
170 0
171 0
172 0
173 0
174 0
175 0
176 0
177 0
178 0
179 0
180 0
181 0
182 0
183 0
184 0
185 0
186 0
187 0
188 0
189 0
190 0
191 0
192 0
193 0
194 0
195 0
196 0
197 0
198 0
199 0
200 0
201 0
202 0
203 0
204 0
205 0
206 0
207 0
208 0
209 0
210 0
211 0
212 0
213 0
214 0
215 0
216 0
217 0
218 0
219 0
220 0
221 0
222 0
223 0
224 0
225 0
226 0
227 0
228 0
229 0
230 0
231 0
232 0
233 0
234 0
235 0
236 0
237 0
238 0
239 0
240 0
241 0
242 0
243 0
244 0
245 0
246 0
247 0
248 0
249 0
250 0
251 0
252 0
253 0
254 0
255 0
256 0
257 0
258 0
259 0
260 0
261 0
262 0
263 0
0 0
1 0
2 0
3 0
4 0
5 0
6 0
7 0
8 0
9 0
10 0
11 0
12 0
13 0
14 0
15 0
16 0
17 0
18 0
19 0
20 0
21 0
22 0
23 0
24 0
25 0
26 0
27 0
28 0
29 0
30 0
31 0
32 0
33 0
34 0
35 0
36 0
37 0
38 0
39 0
40 0
41 0
42 0
43 0
44 0
45 0
46 0
47 0
48 0
49 0
50 0
51 0
52 0
53 0
54 0
55 0
56 0
57 0
58 0
59 0
60 0
61 0
62 0
63 0
64 0
65 0
66 0
67 0
68 0
69 0
70 0
71 0
72 0
73 0
74 0
75 0
76 0
77 0
78 0
79 0
80 0
81 0
82 0
83 0
84 0
85 0
86 0
87 0
88 0
89 0
90 0
91 0
92 0
93 0
94 0
95 0
96 0
97 0
98 0
99 0
100 0.000273299
101 0
102 0
103 0
104 0.000546597
105 0.000819896
106 0.000273299
107 0
108 0.000819896
109 0.000819896
110 0.00191309
111 0.00218639
112 0.00218639
113 0.00382618
114 0.00437278
115 0.00655917
116 0.00573927
117 0.0120251
118 0.0109319
119 0.0125717
120 0.0125717
121 0.0194042
122 0.0229571
123 0.0276032
124 0.0245969
125 0.0336157
126 0.0360754
127 0.0440011
128 0.0440011
129 0.0467341
130 0.0472807
131 0.0407215
132 0.0508336
133 0.0483739
134 0.047554
135 0.0491938
136 0.0554796
137 0.0382618
138 0.0404482
139 0.0333424
140 0.0327958
141 0.0273299
142 0.0251435
143 0.0169445
144 0.0150314
145 0.0109319
146 0.00901886
147 0.00874556
148 0.00819896
149 0.00573927
150 0.00327958
151 0.00300629
152 0.00109319
153 0.00163979
154 0.000819896
155 0.00136649
156 0
157 0
158 0
159 0
160 0
161 0
162 0
163 0
164 0
165 0
166 0
167 0
168 0
169 0
170 0
171 0
172 0
173 0
174 0
175 0
176 0
177 0
178 0
179 0
180 0
181 0
182 0
183 0
184 0
185 0
186 0
187 0
188 0
189 0
190 0
191 0
192 0
193 0
194 0
195 0
196 0
197 0
198 0
199 0
200 0
201 0
202 0
203 0
204 0
205 0
206 0
207 0
208 0
209 0
210 0
211 0
212 0
213 0
214 0
215 0
216 0
217 0
218 0
219 0
220 0
221 0
222 0
223 0
224 0
225 0
226 0
227 0
228 0
229 0
230 0
231 0
232 0
233 0
234 0
235 0
236 0
237 0
238 0
239 0
240 0
241 0
242 0
243 0
244 0
245 0
246 0
247 0
248 0
249 0
250 0
251 0
252 0
253 0
254 0
255 0
256 0
257 0
258 0
259 0
260 0
261 0
262 0
263 0
0 0
1 0
2 0
3 0
4 0
5 0
6 0
7 0
8 0
9 0
10 0
11 0
12 0
13 0
14 0
15 0
16 0
17 0
18 0
19 0
20 0
21 0
22 0
23 0
24 0
25 0
26 0
27 0
28 0
29 0
30 0
31 0
32 0
33 0
34 0
35 0
36 0
37 0
38 0
39 0
40 0
41 0
42 0
43 0
44 0
45 0
46 0
47 0
48 0
49 0
50 0
51 0
52 0
53 0
54 0
55 0
56 0
57 0
58 0
59 0
60 0
61 0
62 0
63 0
64 0
65 0
66 0
67 0
68 0
69 0
70 0
71 0
72 0
73 0
74 0
75 0
76 0
77 0
78 0
79 0
80 0
81 0
82 0
83 0
84 0
85 0
86 0
87 0
88 0
89 0
90 0
91 0
92 0
93 0
94 0
95 0
96 0
97 0
98 0
99 0
100 8.91981e-05
101 0
102 0.000178396
103 8.91981e-05
104 0.000267594
105 0.000356792
106 0.000624387
107 0.000178396
108 0.000624387
109 0.00178396
110 0.00151637
111 0.00169476
112 0.00205156
113 0.00356792
114 0.0045491
115 0.00579788
116 0.00660066
117 0.00918741
118 0.0111498
119 0.0124877
120 0.0165017
121 0.0225671
122 0.0242619
123 0.0275622
124 0.0260458
125 0.0328249
126 0.0374632
127 0.0404067
128 0.0431719
129 0.0466506
130 0.0467398
131 0.0465614
132 0.0487914
133 0.0466506
134 0.0476318
135 0.0500401
136 0.0465614
137 0.04005
138 0.0401391
139 0.0335385
140 0.0319329
141 0.0281866
142 0.0223887
143 0.0185532
144 0.0154313
145 0.0127553
146 0.00999019
147 0.00909821
148 0.00713585
149 0.0048167
150 0.00365712
151 0.00294354
152 0.00169476
153 0.00115958
154 0.000981179
155 0.000713585
156 0.000535189
157 0.000178396
158 0.000356792
159 8.91981e-05
160 8.91981e-05
161 0
162 8.91981e-05
163 8.91981e-05
164 8.91981e-05
165 8.91981e-05
166 0
167 0
168 0
169 0
170 0
171 0
172 0
173 0
174 0
175 0
176 0
177 0
178 0
179 0
180 0
181 0
182 0
183 0
184 0
185 0
186 0
187 0
188 0
189 0
190 0
191 0
192 0
193 0
194 0
195 0
196 0
197 0
198 0
199 0
200 0
201 0
202 0
203 0
204 0
205 0
206 0
207 0
208 0
209 0
210 0
211 0
212 0
213 0
214 0
215 0
216 0
217 0
218 0
219 0
220 0
221 0
222 0
223 0
224 0
225 0
226 0
227 0
228 0
229 0
230 0
231 0
232 0
233 0
234 0
235 0
236 0
237 0
238 0
239 0
240 0
241 0
242 0
243 0
244 0
245 0
246 0
247 0
248 0
249 0
250 0
251 0
252 0
253 0
254 0
255 0
256 0
257 0
258 0
259 0
260 0
261 0
262 0
263 0
0 0
1 0
2 0
3 0
4 0
5 0
6 0
7 0
8 0
9 0
10 0
11 0
12 0
13 0
14 0
15 0
16 0
17 0
18 0
19 0
20 0
21 0
22 0
23 0
24 0
25 0
26 0
27 0
28 0
29 0
30 0
31 0
32 0
33 0
34 0
35 0
36 0
37 0
38 0
39 0
40 0
41 0
42 0
43 0
44 0
45 0
46 0
47 0
48 0
49 0
50 0
51 0
52 0
53 0
54 0
55 0
56 0
57 0
58 0
59 0
60 0
61 0
62 0
63 0
64 0
65 0
66 0
67 0
68 0
69 0
70 0
71 0
72 0
73 0
74 0
75 0
76 0
77 0
78 0
79 0
80 0
81 0
82 0
83 0
84 0
85 0
86 0
87 0
88 0
89 0
90 0
91 0
92 0
93 0
94 2.70168e-05
95 0
96 0
97 0
98 2.70168e-05
99 0
100 5.40336e-05
101 5.40336e-05
102 5.40336e-05
103 0.000162101
104 0.000243151
105 0.000297185
106 0.000378235
107 0.000351218
108 0.000621387
109 0.00105366
110 0.00167504
111 0.00197223
112 0.00253958
113 0.00316097
114 0.00453882
115 0.00489004
116 0.0067542
117 0.0103474
118 0.0105095
119 0.0135624
120 0.017696
121 0.0201005
122 0.0228562
123 0.0260712
124 0.0286108
125 0.0326093
126 0.0376074
127 0.040147
128 0.0437672
129 0.045064
130 0.0470363
131 0.0480089
132 0.0487923
133 0.0476576
134 0.0470092
135 0.0479008
136 0.0446858
137 0.0417139
138 0.0395526
139 0.035338
140 0.0308802
141 0.0264224
142 0.022451
143 0.0198844
144 0.016156
145 0.0131032
146 0.0108337
147 0.00902361
148 0.00710542
149 0.00499811
150 0.00375534
151 0.00345815
152 0.00183714
153 0.00135084
154 0.000999622
155 0.000756471
156 0.000486302
157 0.000189118
158 0.000351218
159 0.000135084
160 5.40336e-05
161 2.70168e-05
162 0.000108067
163 8.10504e-05
164 2.70168e-05
165 2.70168e-05
166 0
167 0
168 0
169 0
170 0
171 0
172 0
173 0
174 0
175 0
176 0
177 0
178 0
179 0
180 0
181 0
182 0
183 0
184 0
185 0
186 0
187 0
188 0
189 0
190 0
191 0
192 0
193 0
194 0
195 0
196 0
197 0
198 0
199 0
200 0
201 0
202 0
203 0
204 0
205 0
206 0
207 0
208 0
209 0
210 0
211 0
212 0
213 0
214 0
215 0
216 0
217 0
218 0
219 0
220 0
221 0
222 0
223 0
224 0
225 0
226 0
227 0
228 0
229 0
230 0
231 0
232 0
233 0
234 0
235 0
236 0
237 0
238 0
239 0
240 0
241 0
242 0
243 0
244 0
245 0
246 0
247 0
248 0
249 0
250 0
251 0
252 0
253 0
254 0
255 0
256 0
257 0
258 0
259 0
260 0
261 0
262 0
263 0
0 0
1 0
2 0
3 0
4 0
5 0
6 0
7 0
8 0
9 0
10 0
11 0
12 0
13 0
14 0
15 0
16 0
17 0
18 0
19 0
20 0
21 0
22 0
23 0
24 0
25 0
26 0
27 0
28 0
29 0
30 0
31 0
32 0
33 0
34 0
35 0
36 0
37 0
38 0
39 0
40 0
41 0
42 0
43 0
44 0
45 0
46 0
47 0
48 0
49 0
50 0
51 0
52 0
53 0
54 0
55 0
56 0
57 0
58 0
59 0
60 0
61 0
62 0
63 0
64 0
65 0
66 0
67 0
68 0
69 0
70 0
71 0
72 0
73 0
74 0
75 0
76 0
77 0
78 0
79 0
80 0
81 0
82 0
83 0
84 0
85 0
86 0
87 0
88 0
89 0
90 0
91 9.98652e-06
92 0
93 0
94 9.98652e-06
95 9.98652e-06
96 9.98652e-06
97 0
98 2.99596e-05
99 9.98652e-06
100 5.99191e-05
101 2.99596e-05
102 5.99191e-05
103 0.000109852
104 0.000189744
105 0.000329555
106 0.000399461
107 0.000389474
108 0.000699056
109 0.000948719
110 0.00164778
111 0.00179757
112 0.00272632
113 0.00306586
114 0.00456384
115 0.00549259
116 0.00760973
117 0.00935737
118 0.0112448
119 0.0133919
120 0.0167873
121 0.0189544
122 0.022999
123 0.0257652
124 0.0290108
125 0.0319668
126 0.0368802
127 0.0402656
128 0.0423229
129 0.0449194
130 0.0470365
131 0.0487841
132 0.0485245
133 0.048894
134 0.048135
135 0.0472163
136 0.0440306
137 0.0415938
138 0.0390173
139 0.0351625
140 0.0308583
141 0.026654
142 0.022929
143 0.0202427
144 0.0160983
145 0.0140311
146 0.0108553
147 0.00913766
148 0.00725021
149 0.00547261
150 0.00396465
151 0.00335547
152 0.00183752
153 0.00153792
154 0.00113846
155 0.000719029
156 0.000529285
157 0.000309582
158 0.00022969
159 0.000139811
160 7.98921e-05
161 2.99596e-05
162 3.99461e-05
163 4.99326e-05
164 3.99461e-05
165 9.98652e-06
166 0
167 0
168 0
169 0
170 0
171 0
172 0
173 0
174 0
175 0
176 0
177 0
178 0
179 0
180 0
181 0
182 0
183 0
184 0
185 0
186 0
187 0
188 0
189 0
190 0
191 0
192 0
193 0
194 0
195 0
196 0
197 0
198 0
199 0
200 0
201 0
202 0
203 0
204 0
205 0
206 0
207 0
208 0
209 0
210 0
211 0
212 0
213 0
214 0
215 0
216 0
217 0
218 0
219 0
220 0
221 0
222 0
223 0
224 0
225 0
226 0
227 0
228 0
229 0
230 0
231 0
232 0
233 0
234 0
235 0
236 0
237 0
238 0
239 0
240 0
241 0
242 0
243 0
244 0
245 0
246 0
247 0
248 0
249 0
250 0
251 0
252 0
253 0
254 0
255 0
256 0
257 0
258 0
259 0
260 0
261 0
262 0
263 0
0 0
1 0
2 0
3 0
4 0
5 0
6 0
7 0
8 0
9 0
10 0
11 0
12 0
13 0
14 0
15 0
16 0
17 0
18 0
19 0
20 0
21 0
22 0
23 0
24 0
25 0
26 0
27 0
28 0
29 0
30 0
31 0
32 0
33 0
34 0
35 0
36 0
37 0
38 0
39 0
40 0
41 0
42 0
43 0
44 0
45 0
46 0
47 0
48 0
49 0
50 0
51 0
52 0
53 0
54 0
55 0
56 0
57 0
58 0
59 0
60 0
61 0
62 0
63 0
64 0
65 0
66 0
67 0
68 0
69 0
70 0
71 0
72 0
73 0
74 0
75 0
76 0
77 0
78 0
79 0
80 0
81 0
82 0
83 0
84 0
85 0
86 0
87 0
88 0
89 0
90 0
91 3.813e-06
92 0
93 0
94 3.813e-06
95 3.813e-06
96 3.813e-06
97 0
98 1.9065e-05
99 2.6691e-05
100 4.57559e-05
101 5.33819e-05
102 5.33819e-05
103 0.000137268
104 0.000179211
105 0.000289788
106 0.000362235
107 0.000480437
108 0.000758786
109 0.000918932
110 0.00153282
111 0.00194463
112 0.00256615
113 0.00317623
114 0.00449933
115 0.00544114
116 0.00729807
117 0.00911687
118 0.0111301
119 0.0134256
120 0.0164683
121 0.0190154
122 0.0225615
123 0.0260084
124 0.0294897
125 0.03246
126 0.0369975
127 0.0398649
128 0.042675
129 0.0451878
130 0.047468
131 0.0488483
132 0.0487377
133 0.0493935
134 0.0478188
135 0.0468083
136 0.0438304
137 0.0414701
138 0.0385494
139 0.0346334
140 0.0307938
141 0.0269769
142 0.0233775
143 0.0199191
144 0.0166552
145 0.0140089
146 0.0110119
147 0.00888428
148 0.00720275
149 0.00546402
150 0.00393882
151 0.00308853
152 0.00205902
153 0.00150232
154 0.0010867
155 0.000754973
156 0.000533819
157 0.000354609
158 0.000255471
159 0.000137268
160 8.00729e-05
161 4.19429e-05
162 3.4317e-05
163 4.19429e-05
164 1.5252e-05
165 7.62599e-06
166 1.1439e-05
167 0
168 0
169 3.813e-06
170 0
171 0
172 0
173 0
174 0
175 0
176 0
177 0
178 0
179 0
180 0
181 0
182 0
183 0
184 0
185 0
186 0
187 0
188 0
189 0
190 0
191 0
192 0
193 0
194 0
195 0
196 0
197 0
198 0
199 0
200 0
201 0
202 0
203 0
204 0
205 0
206 0
207 0
208 0
209 0
210 0
211 0
212 0
213 0
214 0
215 0
216 0
217 0
218 0
219 0
220 0
221 0
222 0
223 0
224 0
225 0
226 0
227 0
228 0
229 0
230 0
231 0
232 0
233 0
234 0
235 0
236 0
237 0
238 0
239 0
240 0
241 0
242 0
243 0
244 0
245 0
246 0
247 0
248 0
249 0
250 0
251 0
252 0
253 0
254 0
255 0
256 0
257 0
258 0
259 0
260 0
261 0
262 0
263 0
0 0
1 0
2 0
3 0
4 0
5 0
6 0
7 0
8 0
9 0
10 0
11 0
12 0
13 0
14 0
15 0
16 0
17 0
18 0
19 0
20 0
21 0
22 0
23 0
24 0
25 0
26 0
27 0
28 0
29 0
30 0
31 0
32 0
33 0
34 0
35 0
36 0
37 0
38 0
39 0
40 0
41 0
42 0
43 0
44 0
45 0
46 0
47 0
48 0
49 0
50 0
51 0
52 0
53 0
54 0
55 0
56 0
57 0
58 0
59 0
60 0
61 0
62 0
63 0
64 0
65 0
66 0
67 0
68 0
69 0
70 0
71 0
72 0
73 0
74 0
75 0
76 0
77 0
78 0
79 0
80 0
81 0
82 0
83 0
84 0
85 0
86 0
87 0
88 0
89 0
90 0
91 6.69345e-06
92 0
93 0
94 3.34673e-06
95 6.69345e-06
96 5.02009e-06
97 8.36681e-06
98 1.33869e-05
99 2.00804e-05
100 4.18341e-05
101 5.5221e-05
102 7.19546e-05
103 0.000120482
104 0.00017905
105 0.000259371
106 0.000366466
107 0.000485275
108 0.000694446
109 0.00103246
110 0.00147591
111 0.00192604
112 0.00256694
113 0.00332665
114 0.00434238
115 0.00560242
116 0.00722558
117 0.00906628
118 0.0110325
119 0.0136329
120 0.01624
121 0.0191449
122 0.0225586
123 0.0259338
124 0.0292554
125 0.0327644
126 0.0371001
127 0.0396085
128 0.0430673
129 0.0449716
130 0.0474164
131 0.0489107
132 0.0492554
133 0.0492454
134 0.0478281
135 0.0470499
136 0.0440781
137 0.0413538
138 0.0383936
139 0.0345215
140 0.0310041
141 0.0272758
142 0.02333
143 0.0198578
144 0.016665
145 0.01374
146 0.0108384
147 0.00875336
148 0.00705657
149 0.00534305
150 0.00393408
151 0.00303883
152 0.00209338
153 0.00154451
154 0.00106426
155 0.000768074
156 0.000500336
157 0.000346386
158 0.000220884
159 0.000135542
160 9.03616e-05
161 4.85275e-05
162 2.51004e-05
163 2.67738e-05
164 1.67336e-05
165 1.00402e-05
166 5.02009e-06
167 0
168 0
169 1.67336e-06
170 0
171 0
172 0
173 0
174 0
175 0
176 0
177 0
178 0
179 0
180 0
181 0
182 0
183 0
184 0
185 0
186 0
187 0
188 0
189 0
190 0
191 0
192 0
193 0
194 0
195 0
196 0
197 0
198 0
199 0
200 0
201 0
202 0
203 0
204 0
205 0
206 0
207 0
208 0
209 0
210 0
211 0
212 0
213 0
214 0
215 0
216 0
217 0
218 0
219 0
220 0
221 0
222 0
223 0
224 0
225 0
226 0
227 0
228 0
229 0
230 0
231 0
232 0
233 0
234 0
235 0
236 0
237 0
238 0
239 0
240 0
241 0
242 0
243 0
244 0
245 0
246 0
247 0
248 0
249 0
250 0
251 0
252 0
253 0
254 0
255 0
256 0
257 0
258 0
259 0
260 0
261 0
262 0
263 0
0 0
1 0
2 0
3 0
4 0
5 0
6 0
7 0
8 0
9 0
10 0
11 0
12 0
13 0
14 0
15 0
16 0
17 0
18 0
19 0
20 0
21 0
22 0
23 0
24 0
25 0
26 0
27 0
28 0
29 0
30 0
31 0
32 0
33 0
34 0
35 0
36 0
37 0
38 0
39 0
40 0
41 0
42 0
43 0
44 0
45 0
46 0
47 0
48 0
49 0
50 0
51 0
52 0
53 0
54 0
55 0
56 0
57 0
58 0
59 0
60 0
61 0
62 0
63 0
64 0
65 0
66 0
67 0
68 0
69 0
70 0
71 0
72 0
73 0
74 0
75 0
76 0
77 0
78 0
79 0
80 0
81 0
82 0
83 0
84 0
85 0
86 0
87 0
88 0
89 0
90 0
91 3.09835e-06
92 0
93 0
94 2.32376e-06
95 6.97129e-06
96 6.1967e-06
97 8.52046e-06
98 1.47172e-05
99 2.01393e-05
100 3.48564e-05
101 5.65449e-05
102 8.13317e-05
103 0.000111541
104 0.000175057
105 0.000260261
106 0.000399687
107 0.000504256
108 0.00071262
109 0.00102168
110 0.00144848
111 0.00195816
112 0.00255227
113 0.00339889
114 0.00436635
115 0.00566068
116 0.00715951
117 0.00888219
118 0.0110069
119 0.0135917
120 0.0162408
121 0.0191695
122 0.0225304
123 0.0260409
124 0.0295885
125 0.0330338
126 0.0367821
127 0.0398579
128 0.0428982
129 0.0448494
130 0.047129
131 0.0486627
132 0.0491956
133 0.0489369
134 0.0480244
135 0.0467247
136 0.0443529
137 0.0415256
138 0.038215
139 0.0344467
140 0.030975
141 0.0273453
142 0.0235389
143 0.0200541
144 0.0166598
145 0.0136815
146 0.0110201
147 0.00883339
148 0.00693875
149 0.0053493
150 0.00398448
151 0.00307201
152 0.00215103
153 0.00155072
154 0.00105654
155 0.000710297
156 0.00051665
157 0.000334622
158 0.000232376
159 0.000128581
160 9.06267e-05
161 4.57007e-05
162 2.71106e-05
163 2.40122e-05
164 1.3168e-05
165 9.29505e-06
166 4.64752e-06
167 1.54917e-06
168 0
169 7.74587e-07
170 0
171 0
172 0
173 0
174 0
175 0
176 0
177 0
178 0
179 0
180 0
181 0
182 0
183 0
184 0
185 0
186 0
187 0
188 0
189 0
190 0
191 0
192 0
193 0
194 0
195 0
196 0
197 0
198 0
199 0
200 0
201 0
202 0
203 0
204 0
205 0
206 0
207 0
208 0
209 0
210 0
211 0
212 0
213 0
214 0
215 0
216 0
217 0
218 0
219 0
220 0
221 0
222 0
223 0
224 0
225 0
226 0
227 0
228 0
229 0
230 0
231 0
232 0
233 0
234 0
235 0
236 0
237 0
238 0
239 0
240 0
241 0
242 0
243 0
244 0
245 0
246 0
247 0
248 0
249 0
250 0
251 0
252 0
253 0
254 0
255 0
256 0
257 0
258 0
259 0
260 0
261 0
262 0
263 0
0 0
1 0
2 0
3 0
4 0
5 0
6 0
7 0
8 0
9 0
10 0
11 0
12 0
13 0
14 0
15 0
16 0
17 0
18 0
19 0
20 0
21 0
22 0
23 0
24 0
25 0
26 0
27 0
28 0
29 0
30 0
31 0
32 0
33 0
34 0
35 0
36 0
37 0
38 0
39 0
40 0
41 0
42 0
43 0
44 0
45 0
46 0
47 0
48 0
49 0
50 0
51 0
52 0
53 0
54 0
55 0
56 0
57 0
58 0
59 0
60 0
61 0
62 0
63 0
64 0
65 0
66 0
67 0
68 0
69 0
70 0
71 0
72 0
73 0
74 0
75 0
76 0
77 0
78 0
79 0
80 0
81 0
82 0
83 0
84 0
85 0
86 0
87 0
88 3.33465e-07
89 6.6693e-07
90 6.6693e-07
91 1.66732e-06
92 0
93 3.33465e-07
94 2.66772e-06
95 6.33583e-06
96 4.00158e-06
97 9.00355e-06
98 1.60063e-05
99 2.33425e-05
100 3.70146e-05
101 6.06906e-05
102 8.63674e-05
103 0.000124382
104 0.000185407
105 0.000253433
106 0.000388487
107 0.000526541
108 0.000748962
109 0.0010174
110 0.00144557
111 0.00191676
112 0.00258102
113 0.00341601
114 0.00440974
115 0.00562122
116 0.00718484
117 0.00885416
118 0.0110153
119 0.0135634
120 0.0161577
121 0.0193303
122 0.0224309
123 0.0260693
124 0.029523
125 0.0330727
126 0.0366508
127 0.0399851
128 0.0427826
129 0.0449878
130 0.047222
131 0.0484521
132 0.0491994
133 0.04899
134 0.0481757
135 0.0467161
136 0.0441334
137 0.041496
138 0.0382611
139 0.034584
140 0.0309742
141 0.0272364
142 0.0235296
143 0.0200549
144 0.0166953
145 0.0138575
146 0.0110557
147 0.0087738
148 0.00692273
149 0.00530509
150 0.00398391
151 0.00301619
152 0.00214485
153 0.00151927
154 0.00106042
155 0.000730288
156 0.000505199
157 0.000343135
158 0.000224088
159 0.000133386
160 8.93686e-05
161 4.93528e-05
162 2.80111e-05
163 1.8674e-05
164 1.16713e-05
165 8.00316e-06
166 3.66811e-06
167 2.00079e-06
168 6.6693e-07
169 6.6693e-07
170 3.33465e-07
171 0
172 0
173 0
174 0
175 0
176 0
177 0
178 0
179 0
180 0
181 0
182 0
183 0
184 0
185 0
186 0
187 0
188 0
189 0
190 0
191 0
192 0
193 0
194 0
195 0
196 0
197 0
198 0
199 0
200 0
201 0
202 0
203 0
204 0
205 0
206 0
207 0
208 0
209 0
210 0
211 0
212 0
213 0
214 0
215 0
216 0
217 0
218 0
219 0
220 0
221 0
222 0
223 0
224 0
225 0
226 0
227 0
228 0
229 0
230 0
231 0
232 0
233 0
234 0
235 0
236 0
237 0
238 0
239 0
240 0
241 0
242 0
243 0
244 0
245 0
246 0
247 0
248 0
249 0
250 0
251 0
252 0
253 0
254 0
255 0
256 0
257 0
258 0
259 0
260 0
261 0
262 0
263 0
0 0
1 0
2 0
3 0
4 0
5 0
6 0
7 0
8 0
9 0
10 0
11 0
12 0
13 0
14 0
15 0
16 0
17 0
18 0
19 0
20 0
21 0
22 0
23 0
24 0
25 0
26 0
27 0
28 0
29 0
30 0
31 0
32 0
33 0
34 0
35 0
36 0
37 0
38 0
39 0
40 0
41 0
42 0
43 0
44 0
45 0
46 0
47 0
48 0
49 0
50 0
51 0
52 0
53 0
54 0
55 0
56 0
57 0
58 0
59 0
60 0
61 0
62 0
63 0
64 0
65 0
66 0
67 0
68 0
69 0
70 0
71 0
72 0
73 0
74 0
75 0
76 0
77 0
78 0
79 0
80 0
81 0
82 0
83 0
84 0
85 0
86 0
87 0
88 2.85461e-07
89 2.85461e-07
90 5.70921e-07
91 8.56382e-07
92 0
93 8.56382e-07
94 2.42641e-06
95 4.28191e-06
96 5.85194e-06
97 8.99201e-06
98 1.66994e-05
99 2.36932e-05
100 3.51116e-05
101 5.92331e-05
102 8.06426e-05
103 0.000119608
104 0.000175986
105 0.000257057
106 0.000378092
107 0.000532527
108 0.000757755
109 0.00103594
110 0.00142844
111 0.00190945
112 0.00255487
113 0.00338942
114 0.00442678
115 0.00563742
116 0.00720859
117 0.00895333
118 0.01104
119 0.0134916
120 0.0162164
121 0.0193282
122 0.0224789
123 0.0260057
124 0.0295422
125 0.0330642
126 0.0366327
127 0.0398774
128 0.0428375
129 0.0452623
130 0.0471883
131 0.0485775
132 0.0492088
133 0.0489352
134 0.0481074
135 0.0464486
136 0.0440969
137 0.0413864
138 0.0382026
139 0.0346499
140 0.0310133
141 0.0272819
142 0.0235709
143 0.0201144
144 0.0167119
145 0.0138013
146 0.0110348
147 0.00875151
148 0.00689244
149 0.00532726
150 0.00399659
151 0.00299462
152 0.00216893
153 0.00152051
154 0.00107248
155 0.000735346
156 0.000507549
157 0.00035026
158 0.000216665
159 0.000137021
160 9.06337e-05
161 5.25247e-05
162 2.9117e-05
163 1.88404e-05
164 1.19893e-05
165 6.70832e-06
166 3.42553e-06
167 1.71276e-06
168 5.70921e-07
169 5.70921e-07
170 2.85461e-07
171 1.4273e-07
172 0
173 0
174 0
175 0
176 0
177 0
178 0
179 0
180 0
181 0
182 0
183 0
184 0
185 0
186 0
187 0
188 0
189 0
190 0
191 0
192 0
193 0
194 0
195 0
196 0
197 0
198 0
199 0
200 0
201 0
202 0
203 0
204 0
205 0
206 0
207 0
208 0
209 0
210 0
211 0
212 0
213 0
214 0
215 0
216 0
217 0
218 0
219 0
220 0
221 0
222 0
223 0
224 0
225 0
226 0
227 0
228 0
229 0
230 0
231 0
232 0
233 0
234 0
235 0
236 0
237 0
238 0
239 0
240 0
241 0
242 0
243 0
244 0
245 0
246 0
247 0
248 0
249 0
250 0
251 0
252 0
253 0
254 0
255 0
256 0
257 0
258 0
259 0
260 0
261 0
262 0
263 0
0 0
1 0
2 0
3 0
4 0
5 0
6 0
7 0
8 0
9 0
10 0
11 0
12 0
13 0
14 0
15 0
16 0
17 0
18 0
19 0
20 0
21 0
22 0
23 0
24 0
25 0
26 0
27 0
28 0
29 0
30 0
31 0
32 0
33 0
34 0
35 0
36 0
37 0
38 0
39 0
40 0
41 0
42 0
43 0
44 0
45 0
46 0
47 0
48 0
49 0
50 0
51 0
52 0
53 0
54 0
55 0
56 0
57 0
58 0
59 0
60 0
61 0
62 0
63 0
64 0
65 0
66 0
67 0
68 0
69 0
70 0
71 0
72 0
73 0
74 0
75 0
76 0
77 0
78 0
79 0
80 0
81 0
82 0
83 6.85537e-08
84 0
85 6.85537e-08
86 6.85537e-08
87 6.85537e-08
88 2.74215e-07
89 3.42769e-07
90 5.4843e-07
91 8.22645e-07
92 6.85537e-07
93 8.22645e-07
94 2.26227e-06
95 4.79876e-06
96 5.82707e-06
97 9.25476e-06
98 1.5973e-05
99 2.31026e-05
100 3.55794e-05
101 5.72424e-05
102 8.5418e-05
103 0.000125796
104 0.000177211
105 0.000264617
106 0.000376634
107 0.000540066
108 0.000760192
109 0.0010366
110 0.00142489
111 0.00194062
112 0.00255178
113 0.00338354
114 0.00439998
115 0.00566178
116 0.0071917
117 0.00895332
118 0.0110595
119 0.013508
120 0.0161938
121 0.0192573
122 0.0225063
123 0.025991
124 0.0295179
125 0.0330946
126 0.0365782
127 0.0399208
128 0.0428466
129 0.0453399
130 0.047168
131 0.0485574
132 0.0492129
133 0.0488358
134 0.0480767
135 0.0464559
136 0.0441505
137 0.0414132
138 0.0382197
139 0.0346457
140 0.0310318
141 0.0272483
142 0.0235239
143 0.0200282
144 0.0167555
145 0.0137964
146 0.0110677
147 0.0087866
148 0.00692379
149 0.0053245
150 0.00398318
151 0.00301575
152 0.00216232
153 0.0015234
154 0.00107958
155 0.000746756
156 0.000504556
157 0.000343591
158 0.000216973
159 0.00013937
160 9.22048e-05
161 5.1621e-05
162 2.86555e-05
163 1.76869e-05
164 1.15856e-05
165 6.71827e-06
166 3.77046e-06
167 1.71384e-06
168 1.16541e-06
169 5.4843e-07
170 2.74215e-07
171 2.74215e-07
172 0
173 0
174 0
175 0
176 0
177 0
178 0
179 0
180 0
181 0
182 0
183 0
184 0
185 0
186 0
187 0
188 0
189 0
190 0
191 0
192 0
193 0
194 0
195 0
196 0
197 0
198 0
199 0
200 0
201 0
202 0
203 0
204 0
205 0
206 0
207 0
208 0
209 0
210 0
211 0
212 0
213 0
214 0
215 0
216 0
217 0
218 0
219 0
220 0
221 0
222 0
223 0
224 0
225 0
226 0
227 0
228 0
229 0
230 0
231 0
232 0
233 0
234 0
235 0
236 0
237 0
238 0
239 0
240 0
241 0
242 0
243 0
244 0
245 0
246 0
247 0
248 0
249 0
250 0
251 0
252 0
253 0
254 0
255 0
256 0
257 0
258 0
259 0
260 0
261 0
262 0
263 0
0 0
1 0
2 0
3 0
4 0
5 0
6 0
7 0
8 0
9 0
10 0
11 0
12 0
13 0
14 0
15 0
16 0
17 0
18 0
19 0
20 0
21 0
22 0
23 0
24 0
25 0
26 0
27 0
28 0
29 0
30 0
31 0
32 0
33 0
34 0
35 0
36 0
37 0
38 0
39 0
40 0
41 0
42 0
43 0
44 0
45 0
46 0
47 0
48 0
49 0
50 0
51 0
52 0
53 0
54 0
55 0
56 0
57 0
58 0
59 0
60 0
61 0
62 0
63 0
64 0
65 0
66 0
67 0
68 0
69 0
70 0
71 0
72 0
73 0
74 0
75 0
76 0
77 0
78 0
79 0
80 0
81 0
82 4.06717e-08
83 4.06717e-08
84 0
85 4.06717e-08
86 4.06717e-08
87 8.13435e-08
88 2.4403e-07
89 2.4403e-07
90 4.47389e-07
91 7.72763e-07
92 6.10076e-07
93 1.22015e-06
94 2.35896e-06
95 4.79927e-06
96 5.97875e-06
97 1.04526e-05
98 1.6228e-05
99 2.34269e-05
100 3.54251e-05
101 5.72658e-05
102 8.2523e-05
103 0.00012653
104 0.000181599
105 0.000264692
106 0.000377393
107 0.000540853
108 0.00075564
109 0.00103908
110 0.00142441
111 0.00194622
112 0.00256781
113 0.00339036
114 0.00437579
115 0.00566224
116 0.0071906
117 0.00897967
118 0.0110783
119 0.0135081
120 0.0162156
121 0.0192618
122 0.0225353
123 0.026016
124 0.0295185
125 0.0331007
126 0.0366065
127 0.0399084
128 0.0428456
129 0.0453171
130 0.0471651
131 0.0485726
132 0.0491826
133 0.0489239
134 0.0480704
135 0.0465052
136 0.04417
137 0.0414071
138 0.0382026
139 0.0346459
140 0.0309572
141 0.027223
142 0.0235187
143 0.0200148
144 0.0167142
145 0.0137547
146 0.0110693
147 0.00879876
148 0.0069046
149 0.00530286
150 0.00397639
151 0.00300308
152 0.00216024
153 0.00153418
154 0.0010765
155 0.000752061
156 0.000507624
157 0.000336599
158 0.000218285
159 0.000139707
160 8.88271e-05
161 5.20598e-05
162 2.9487e-05
163 1.84243e-05
164 1.09814e-05
165 6.62949e-06
166 3.94516e-06
167 1.78956e-06
168 1.46418e-06
169 4.47389e-07
170 2.84702e-07
171 2.4403e-07
172 4.06717e-08
173 0
174 0
175 0
176 0
177 0
178 0
179 0
180 0
181 0
182 0
183 0
184 0
185 0
186 0
187 0
188 0
189 0
190 0
191 0
192 0
193 0
194 0
195 0
196 0
197 0
198 0
199 0
200 0
201 0
202 0
203 0
204 0
205 0
206 0
207 0
208 0
209 0
210 0
211 0
212 0
213 0
214 0
215 0
216 0
217 0
218 0
219 0
220 0
221 0
222 0
223 0
224 0
225 0
226 0
227 0
228 0
229 0
230 0
231 0
232 0
233 0
234 0
235 0
236 0
237 0
238 0
239 0
240 0
241 0
242 0
243 0
244 0
245 0
246 0
247 0
248 0
249 0
250 0
251 0
252 0
253 0
254 0
255 0
256 0
257 0
258 0
259 0
260 0
261 0
262 0
263 0
